date,open,high,low,close,vwap,vol
1737158400,1.0257,1.0257,1.0257,1.0257,0.0000,0.00000
1737172800,1.0257,1.0257,1.0257,1.0257,0.0000,0.00000
1737187200,1.0253,1.0295,1.0253,1.0295,1.0294,46.02330
1737201600,1.0288,1.0288,1.0273,1.0273,1.0281,18.00366
1737216000,1.0301,1.0304,1.0301,1.0304,1.0303,32.26880
1737230400,1.0265,1.0310,1.0264,1.0299,1.0306,1101.37257
1737244800,1.0278,1.0278,1.0278,1.0278,1.0278,32.62950
1737259200,1.0276,1.0307,1.0274,1.0307,1.0290,1023.41595
1737273600,1.0270,1.0270,1.0267,1.0267,1.0268,82.59878
1737288000,1.0265,1.0265,1.0227,1.0227,1.0230,1812.34012
1737302400,1.0232,1.0270,1.0231,1.0270,1.0248,244.15350
1737316800,1.0229,1.0230,1.0228,1.0230,1.0228,248.17411
1737331200,1.0288,1.0294,1.0288,1.0294,1.0290,43.34728
1737345600,1.0301,1.0302,1.0301,1.0302,1.0301,20.99725
1737360000,1.0303,1.0323,1.0280,1.0288,1.0311,679.56369
1737374400,1.0326,1.0405,1.0326,1.0405,1.0373,1365.87253
1737388800,1.0358,1.0358,1.0358,1.0358,1.0358,31.53566
1737403200,1.0411,1.0411,1.0411,1.0411,1.0411,35.25118
1737417600,1.0365,1.0365,1.0349,1.0349,1.0362,200.18090
1737432000,1.0348,1.0348,1.0343,1.0343,1.0344,369.95216
1737446400,1.0370,1.0370,1.0370,1.0370,1.0370,69.62017
1737460800,1.0368,1.0368,1.0368,1.0368,1.0368,5.64900
1737475200,1.0409,1.0409,1.0409,1.0409,1.0409,35.25795
1737489600,1.0408,1.0419,1.0408,1.0419,1.0409,307.79864
1737504000,1.0419,1.0419,1.0419,1.0419,0.0000,0.00000
1737518400,1.0418,1.0418,1.0418,1.0418,1.0418,8.63890
1737532800,1.0418,1.0418,1.0418,1.0418,0.0000,0.00000
1737547200,1.0418,1.0418,1.0418,1.0418,0.0000,0.00000
1737561600,1.0419,1.0419,1.0419,1.0419,1.0419,35.22411
1737576000,1.0419,1.0419,1.0419,1.0419,0.0000,0.00000
1737590400,1.0366,1.0406,1.0365,1.0406,1.0369,465.67828
1737604800,1.0368,1.0369,1.0347,1.0354,1.0354,5453.20083
1737619200,1.0357,1.0647,1.0357,1.0364,1.0535,3731.57497
1737633600,1.0358,1.0358,1.0358,1.0358,1.0358,11.30674
1737648000,1.0358,1.0358,1.0358,1.0358,0.0000,0.00000
1737662400,1.0458,1.0619,1.0392,1.0392,1.0593,1625.36488
1737676800,1.0392,1.0418,1.0357,1.0418,1.0360,1446.58325
1737691200,1.0418,1.0418,1.0385,1.0385,1.0389,109.22513
1737705600,1.0463,1.0463,1.0463,1.0463,1.0463,146.11059
1737720000,1.0459,1.0466,1.0459,1.0466,1.0462,88.34857
1737734400,1.0473,1.0508,1.0456,1.0508,1.0464,3393.50969
1737748800,1.0508,1.0508,1.0508,1.0508,0.0000,0.00000
1737763200,1.0519,1.0519,1.0519,1.0519,1.0519,446.98703
1737777600,1.0519,1.0519,1.0519,1.0519,0.0000,0.00000
1737792000,1.0517,1.0540,1.0438,1.0540,1.0500,175.13262
1737806400,1.0449,1.0449,1.0449,1.0449,1.0449,30.00000
1737820800,1.0449,1.0449,1.0449,1.0449,0.0000,0.00000
1737835200,1.0449,1.0449,1.0449,1.0449,0.0000,0.00000
1737849600,1.0449,1.0449,1.0449,1.0449,0.0000,0.00000
1737864000,1.0449,1.0449,1.0449,1.0449,0.0000,0.00000
1737878400,1.0446,1.1095,1.0446,1.0459,1.0692,65339.97261
1737892800,1.0469,1.0469,1.0469,1.0469,1.0469,116.46790
1737907200,1.0466,1.0470,1.0452,1.0452,1.0462,52.78000
1737921600,1.0525,1.0571,1.0438,1.0488,1.0498,1023.62060
1737936000,1.0488,1.0488,1.0488,1.0488,0.0000,0.00000
1737950400,1.0488,1.0488,1.0488,1.0488,0.0000,0.00000
1737964800,1.0488,1.0488,1.0488,1.0488,0.0000,0.00000
1737979200,1.0503,1.0525,1.0503,1.0505,1.0510,25.00000
1737993600,1.0502,1.0502,1.0444,1.0444,1.0483,115.18384
1738008000,1.0512,1.0517,1.0512,1.0517,1.0512,10.00000
1738022400,1.0410,1.0410,1.0405,1.0405,1.0407,10.00000
1738036800,1.0450,1.0471,1.0450,1.0465,1.0454,493.29284
1738051200,1.0465,1.0465,1.0465,1.0465,0.0000,0.00000
1738065600,1.0973,1.0991,1.0381,1.0468,1.0952,1445.14798
1738080000,1.0468,1.0468,1.0468,1.0468,0.0000,0.00000
1738094400,1.0388,1.0388,1.0388,1.0388,1.0388,29.47907
1738108800,1.0388,1.0388,1.0388,1.0388,0.0000,0.00000
1738123200,1.0507,1.0507,1.0507,1.0507,1.0507,5.00000
1738137600,1.0464,1.0512,1.0390,1.0391,1.0476,2915.36844
1738152000,1.0394,1.0394,1.0394,1.0394,1.0394,9.85220
1738166400,1.0382,1.0449,1.0365,1.0449,1.0409,849.04046
1738180800,1.0384,1.0384,1.0371,1.0371,1.0375,15.00000
1738195200,1.0372,1.0372,1.0372,1.0372,1.0372,95.00000
1738209600,1.0372,1.0372,1.0372,1.0372,0.0000,0.00000
1738224000,1.0435,1.0435,1.0371,1.0371,1.0398,1223.71921
1738238400,1.0375,1.0375,1.0374,1.0374,1.0374,142.30750
1738252800,1.0439,1.0492,1.0439,1.0492,1.0450,4238.44785
1738267200,1.0445,1.0492,1.0439,1.0439,1.0464,308.68203
1738281600,1.0439,1.0439,1.0439,1.0439,0.0000,0.00000
1738296000,1.0439,1.0439,1.0439,1.0439,0.0000,0.00000
1738310400,1.0370,1.0455,1.0370,1.0455,1.0437,106.11380
1738324800,1.0370,1.0370,1.0370,1.0370,1.0370,10.00000
1738339200,1.0376,1.0376,1.0352,1.0352,1.0367,2441.75634
1738353600,1.0352,1.0352,1.0332,1.0348,1.0346,39.84456
1738368000,1.0332,1.0401,1.0312,1.0401,1.0362,104.20888
1738382400,1.0401,1.0401,1.0401,1.0401,0.0000,0.00000
1738396800,1.0311,1.0311,1.0302,1.0302,1.0309,4942.92571
1738411200,1.0408,1.0408,1.0304,1.0304,1.0343,1076.46039
1738425600,1.0305,1.0305,1.0304,1.0304,1.0304,387.80723
1738440000,1.0301,1.0301,1.0291,1.0291,1.0291,55.38770
1738454400,1.0291,1.0327,1.0291,1.0327,1.0303,63.61654
1738468800,1.0291,1.0291,1.0290,1.0290,1.0290,1244.11982
1738483200,1.0351,1.0395,1.0351,1.0395,1.0376,2800.49992
1738497600,1.0280,1.0291,1.0280,1.0291,1.0283,747.21930
1738512000,1.0283,1.0283,1.0283,1.0283,1.0283,581.24529
1738526400,1.0256,1.0257,0.9923,1.0254,1.0205,3428.29432
1738540800,1.0197,1.0261,1.0139,1.0194,1.0205,1213.11492
1738555200,1.0217,1.0257,1.0115,1.0115,1.0150,40505.29816
1738569600,1.0211,1.0282,1.0091,1.0169,1.0203,2328.30667
1738584000,1.0264,1.0317,1.0176,1.0215,1.0258,1540.66926
1738598400,1.0230,1.0322,0.9904,1.0213,1.0237,2369.06818
1738612800,1.0291,1.0447,1.0187,1.0262,1.0288,1895.09286
1738627200,1.0348,1.0348,1.0348,1.0348,1.0348,10.00000
1738641600,1.0348,1.0348,1.0348,1.0348,0.0000,0.00000
1738656000,1.0360,1.0371,1.0360,1.0371,1.0368,110.45127
1738670400,1.0296,1.0370,1.0260,1.0356,1.0336,344.17535
1738684800,1.0296,1.0371,1.0289,1.0304,1.0322,485.00000
1738699200,1.0371,1.0372,1.0327,1.0327,1.0366,1261.26156
1738713600,1.0327,1.0327,1.0327,1.0327,0.0000,0.00000
1738728000,1.0306,1.0379,1.0305,1.0379,1.0331,760.64000
1738742400,1.0379,1.0379,1.0341,1.0379,1.0364,260.05246
1738756800,1.0356,1.0370,1.0334,1.0365,1.0369,10828.15815
1738771200,1.0441,1.0441,1.0366,1.0406,1.0422,355.00000
1738785600,1.0346,1.0433,1.0266,1.0422,1.0373,2957.44785
1738800000,1.0331,1.0331,1.0330,1.0330,1.0330,225.93000
1738814400,1.0323,1.0395,1.0323,1.0395,1.0357,580.80145
1738828800,1.0298,1.0377,1.0298,1.0306,1.0322,617.79820
1738843200,1.0295,1.0378,1.0287,1.0374,1.0329,2755.07868
1738857600,1.0306,1.0372,1.0306,1.0372,1.0339,270.00000
1738872000,1.0374,1.0374,1.0303,1.0317,1.0323,1642.77553
1738886400,1.0403,1.0403,1.0206,1.0220,1.0238,1691.69068
1738900800,1.0225,1.0326,1.0204,1.0209,1.0226,1809.57010
1738915200,1.0024,1.0345,1.0024,1.0345,1.0251,77.54266
1738929600,1.0362,1.0362,0.9924,1.0358,1.0244,632.25985
1738944000,1.0345,1.0433,1.0134,1.0200,1.0273,1355.55350
1738958400,1.0170,1.0270,1.0058,1.0147,1.0172,400.05448
1738972800,1.0082,1.0286,1.0082,1.0283,1.0184,1521.73523
1738987200,1.0167,1.0250,1.0165,1.0165,1.0200,333.17644
1739001600,1.0172,1.0210,1.0165,1.0208,1.0171,554.88259
1739016000,1.0054,1.0054,1.0054,1.0054,1.0054,5.00000
1739030400,1.0266,1.0281,1.0266,1.0281,1.0274,107.85981
1739044800,1.0280,1.0280,1.0151,1.0151,1.0237,15.00000
1739059200,1.0336,1.0350,1.0336,1.0350,1.0343,95.00000
1739073600,1.0169,1.0288,1.0169,1.0288,1.0241,73.68360
1739088000,1.0302,1.0315,1.0037,1.0037,1.0222,250.00000
1739102400,1.0037,1.0037,1.0037,1.0037,0.0000,0.00000
1739116800,1.0158,1.0158,1.0158,1.0158,1.0158,20.00000
1739131200,1.0143,1.0266,1.0138,1.0266,1.0173,335.00000
1739145600,1.0152,1.0301,1.0079,1.0280,1.0205,551.88354
1739160000,1.0280,1.0280,1.0280,1.0280,0.0000,0.00000
1739174400,1.0170,1.0255,1.0170,1.0205,1.0212,450.00000
1739188800,1.0160,1.0264,1.0160,1.0262,1.0226,2680.68092
1739203200,1.0258,1.0258,1.0250,1.0250,1.0252,138.34459
1739217600,1.0014,1.0339,1.0014,1.0335,1.0223,514.71083
1739232000,1.0335,1.0335,1.0335,1.0335,0.0000,0.00000
1739246400,1.0335,1.0335,1.0335,1.0335,0.0000,0.00000
1739260800,1.0271,1.0271,1.0260,1.0267,1.0264,2153.37184
1739275200,1.0265,1.0346,1.0265,1.0280,1.0270,10406.68562
1739289600,1.0296,1.0360,1.0295,1.0341,1.0299,10905.73457
1739304000,1.0337,1.0337,1.0258,1.0328,1.0290,5287.22705
1739318400,1.0320,1.0320,1.0320,1.0320,1.0320,15.00000
1739332800,1.0320,1.0320,1.0320,1.0320,1.0320,39.03760
1739347200,1.0387,1.0394,1.0275,1.0394,1.0310,194.02714
1739361600,1.0363,1.0363,1.0221,1.0221,1.0224,1979.61570
1739376000,1.0279,1.0282,1.0279,1.0282,1.0279,211.94630
1739390400,1.0360,1.0360,1.0360,1.0360,1.0360,15.83503
1739404800,1.0283,1.0362,1.0282,1.0325,1.0315,46.89883
1739419200,1.0358,1.0358,1.0358,1.0358,1.0358,7.77788
1739433600,1.0341,1.0397,1.0308,1.0308,1.0335,87.69547
1739448000,1.0275,1.0379,1.0275,1.0379,1.0316,77.54595
1739462400,1.0379,1.0379,1.0379,1.0379,0.0000,0.00000
1739476800,1.0347,1.0380,1.0346,1.0380,1.0362,45.73502
1739491200,1.0380,1.0380,1.0380,1.0380,0.0000,0.00000
1739505600,1.0361,1.0361,1.0361,1.0361,1.0361,27.17010
1739520000,1.0364,1.0422,1.0364,1.0367,1.0384,286.34360
1739534400,1.0350,1.0426,1.0350,1.0389,1.0374,568.61080
1739548800,1.0426,1.0464,1.0378,1.0460,1.0418,533.00700
1739563200,1.0378,1.0450,1.0378,1.0450,1.0414,46.06028
1739577600,1.0450,1.0450,1.0450,1.0450,0.0000,0.00000
1739592000,1.0473,1.0481,1.0356,1.0357,1.0431,244.93975
1739606400,1.0440,1.0440,1.0440,1.0440,1.0440,23.29433
1739620800,1.0440,1.0440,1.0440,1.0440,0.0000,0.00000
1739635200,1.0440,1.0440,1.0440,1.0440,0.0000,0.00000
1739649600,1.0440,1.0440,1.0440,1.0440,1.0440,20.00000
1739664000,1.0479,1.0481,1.0479,1.0481,1.0479,20.78260
1739678400,1.0481,1.0481,1.0481,1.0481,0.0000,0.00000
1739692800,1.0481,1.0481,1.0481,1.0481,0.0000,0.00000
1739707200,1.0481,1.0481,1.0481,1.0481,0.0000,0.00000
1739721600,1.0481,1.0481,1.0481,1.0481,0.0000,0.00000
1739736000,1.0481,1.0481,1.0481,1.0481,0.0000,0.00000
1739750400,1.0481,1.0481,1.0481,1.0481,0.0000,0.00000
1739764800,1.0481,1.0481,1.0481,1.0481,0.0000,0.00000
1739779200,1.0481,1.0481,1.0396,1.0396,1.0443,40.98219
1739793600,1.0313,1.0481,1.0313,1.0481,1.0374,81.62548
1739808000,1.0481,1.0481,1.0329,1.0481,1.0459,105.00000
1739822400,1.0481,1.0583,1.0481,1.0583,1.0513,105.49960
1739836800,1.0583,1.0583,1.0583,1.0583,0.0000,0.00000
1739851200,1.0315,1.0315,1.0315,1.0315,1.0315,19.11132
1739865600,1.0518,1.0518,1.0518,1.0518,1.0518,16.05181
1739880000,1.0518,1.0518,1.0518,1.0518,0.0000,0.00000
1739894400,1.0404,1.0404,1.0390,1.0390,1.0393,1773.35898
1739908800,1.0389,1.0389,1.0389,1.0389,1.0389,192.84446
1739923200,1.0393,1.0477,1.0393,1.0477,1.0440,17.76487
1739937600,1.0391,1.0391,1.0391,1.0391,1.0391,10.00000
1739952000,1.0391,1.0391,1.0391,1.0391,0.0000,0.00000
1739966400,1.0450,1.0487,1.0413,1.0413,1.0485,11816.51282
1739980800,1.0413,1.0413,1.0413,1.0413,0.0000,0.00000
1739995200,1.0474,1.0481,1.0298,1.0375,1.0435,39616.36158
1740009600,1.0375,1.0375,1.0375,1.0375,0.0000,0.00000
1740024000,1.0375,1.0375,1.0375,1.0375,0.0000,0.00000
1740038400,1.0375,1.0375,1.0375,1.0375,0.0000,0.00000
1740052800,1.0415,1.0415,1.0415,1.0415,1.0415,9.27370
1740067200,1.0404,1.0435,1.0404,1.0434,1.0428,3404.57049
1740081600,1.0477,1.0487,1.0477,1.0487,1.0484,19.12517
1740096000,1.0487,1.0487,1.0487,1.0487,0.0000,0.00000
1740110400,1.0487,1.0487,1.0487,1.0487,0.0000,0.00000
1740124800,1.0494,1.0494,1.0494,1.0494,1.0494,5.00000
1740139200,1.0431,1.0431,1.0431,1.0431,1.0431,744.72981
1740153600,1.0431,1.0431,1.0431,1.0431,1.0431,286.77061
1740168000,1.0432,1.0432,1.0431,1.0431,1.0431,406.54564
1740182400,1.0431,1.0453,1.0431,1.0453,1.0431,46.83816
1740196800,1.0469,1.0590,1.0469,1.0590,1.0534,1982.71175
1740211200,1.0535,1.0591,1.0367,1.0367,1.0498,400.27055
1740225600,1.0367,1.0367,1.0367,1.0367,0.0000,0.00000
1740240000,1.0373,1.0491,1.0372,1.0375,1.0376,424.48505
1740254400,1.0377,1.0377,1.0377,1.0377,1.0377,82.70051
1740268800,1.0376,1.0376,1.0376,1.0376,1.0376,43.21140
1740283200,1.0376,1.0376,1.0376,1.0376,0.0000,0.00000
1740297600,1.0376,1.0499,1.0375,1.0499,1.0387,400.98973
1740312000,1.0499,1.0499,1.0499,1.0499,0.0000,0.00000
1740326400,1.0376,1.0488,1.0375,1.0480,1.0390,432.31057
1740340800,1.0480,1.0480,1.0480,1.0480,1.0480,13.89520
1740355200,1.0480,1.0480,1.0480,1.0480,1.0480,30.00000
1740369600,1.0480,1.0480,1.0480,1.0480,1.0480,103.00221
1740384000,1.0505,1.0505,1.0505,1.0505,1.0505,10.00000
1740398400,1.0375,1.0375,1.0375,1.0375,1.0375,5.00000
1740412800,1.0383,1.0383,1.0383,1.0383,1.0383,10.00000
1740427200,1.0381,1.0381,1.0381,1.0381,1.0381,20.00000
1740441600,1.0371,1.0379,1.0371,1.0379,1.0376,45.00000
1740456000,1.0378,1.0378,1.0378,1.0378,1.0378,480.96386
1740470400,1.0476,1.0476,1.0476,1.0476,1.0476,5.00000
1740484800,1.0420,1.0632,1.0420,1.0624,1.0595,2474.30126
1740499200,1.0461,1.0461,1.0443,1.0443,1.0455,58.36704
1740513600,1.0443,1.0443,1.0443,1.0443,0.0000,0.00000
1740528000,1.0451,1.0451,1.0451,1.0451,1.0451,9.56846
1740542400,1.0426,1.0426,1.0424,1.0424,1.0425,40.73460
1740556800,1.0541,1.0541,1.0392,1.0410,1.0456,459.35055
1740571200,1.0411,1.0580,1.0401,1.0449,1.0507,658.74129
1740585600,1.0422,1.0546,1.0422,1.0546,1.0422,1373.69960
1740600000,1.0546,1.0546,1.0546,1.0546,0.0000,0.00000
1740614400,1.0546,1.0546,1.0546,1.0546,0.0000,0.00000
1740628800,1.0546,1.0546,1.0546,1.0546,0.0000,0.00000
1740643200,1.0546,1.0546,1.0546,1.0546,0.0000,0.00000
1740657600,1.0497,1.0497,1.0292,1.0497,1.0481,222.76407
1740672000,1.0296,1.1000,1.0295,1.1000,1.0848,945.50040
1740686400,1.1000,1.1000,1.1000,1.1000,0.0000,0.00000
1740700800,1.1000,1.1000,1.1000,1.1000,0.0000,0.00000
1740715200,1.1000,1.1000,1.1000,1.1000,0.0000,0.00000
1740729600,1.1000,1.1000,1.1000,1.1000,0.0000,0.00000
1740744000,1.1000,1.1000,1.1000,1.1000,0.0000,0.00000
1740758400,1.1000,1.1000,1.1000,1.1000,0.0000,0.00000
1740772800,1.1000,1.1000,1.1000,1.1000,0.0000,0.00000
1740787200,1.1000,1.1000,1.1000,1.1000,0.0000,0.00000
1740801600,1.1000,1.1000,1.1000,1.1000,0.0000,0.00000
1740816000,1.0281,1.0281,1.0280,1.0280,1.0280,10.00000
1740830400,1.0281,1.0281,1.0280,1.0280,1.0280,19.02940
1740844800,1.0280,1.0280,1.0280,1.0280,0.0000,0.00000
1740859200,1.0998,1.0998,1.0281,1.0281,1.0772,131.33291
1740873600,1.0281,1.0281,1.0281,1.0281,0.0000,0.00000
1740888000,1.0281,1.0281,1.0281,1.0281,0.0000,0.00000
1740902400,1.0281,1.0281,1.0279,1.0279,1.0279,2863.49767
1740916800,1.0281,1.0955,1.0279,1.0955,1.0759,381.64435
1740931200,1.0281,1.0956,0.9285,1.0659,1.0010,2904.48295
1740945600,1.0659,1.0659,1.0659,1.0659,0.0000,0.00000
1740960000,1.0659,1.0659,1.0659,1.0659,0.0000,0.00000
1740974400,1.0659,1.0659,1.0659,1.0659,0.0000,0.00000
1740988800,1.0438,1.0438,1.0438,1.0438,1.0438,102.67206
1741003200,1.0631,1.0757,0.8806,1.0757,1.0380,428.59350
1741017600,1.0757,1.0757,1.0757,1.0757,0.0000,0.00000
1741032000,1.0492,1.0492,1.0492,1.0492,1.0492,100.00000
1741046400,1.0331,1.0760,1.0331,1.0760,1.0437,40.12874
1741060800,1.0300,1.0300,1.0300,1.0300,1.0300,9.80000
1741075200,1.0300,1.0300,1.0300,1.0300,0.0000,0.00000
1741089600,1.0300,1.0760,1.0122,1.0760,1.0250,137.66251
1741104000,1.0301,1.0303,1.0300,1.0300,1.0301,37.58054
1741118400,1.0304,1.0304,1.0304,1.0304,1.0304,9.51086
1741132800,1.0304,1.0304,1.0304,1.0304,0.0000,0.00000
1741147200,1.0304,1.0304,1.0304,1.0304,0.0000,0.00000
1741161600,1.0140,1.0759,1.0104,1.0178,1.0354,22.89707
1741176000,1.0172,1.0759,1.0172,1.0759,1.0487,99.35930
1741190400,1.0759,1.0759,1.0759,1.0759,0.0000,0.00000
1741204800,1.0720,1.0791,1.0300,1.0300,1.0741,2030.26702
1741219200,1.0300,1.0300,1.0300,1.0300,0.0000,0.00000
1741233600,1.0300,1.0300,1.0300,1.0300,0.0000,0.00000
1741248000,1.0378,1.0378,1.0342,1.0342,1.0370,70.00000
1741262400,1.0312,1.0312,1.0312,1.0312,1.0312,5.00000
1741276800,1.0312,1.0312,1.0312,1.0312,0.0000,0.00000
1741291200,1.0342,1.0342,1.0342,1.0342,1.0342,15.00000
1741305600,1.0342,1.0342,1.0342,1.0342,0.0000,0.00000
1741320000,1.0342,1.0342,1.0342,1.0342,0.0000,0.00000
1741334400,1.0342,1.0342,1.0342,1.0342,0.0000,0.00000
1741348800,1.0342,1.0342,1.0342,1.0342,0.0000,0.00000
1741363200,1.0342,1.0342,1.0342,1.0342,0.0000,0.00000
1741377600,1.0342,1.0342,1.0342,1.0342,0.0000,0.00000
1741392000,1.0342,1.0342,1.0342,1.0342,0.0000,0.00000
1741406400,1.0342,1.0342,1.0342,1.0342,0.0000,0.00000
1741420800,1.0342,1.0342,1.0342,1.0342,0.0000,0.00000
1741435200,1.0312,1.0312,1.0312,1.0312,1.0312,45.00000
1741449600,1.0312,1.0312,1.0312,1.0312,0.0000,0.00000
1741464000,1.0312,1.0312,1.0312,1.0312,0.0000,0.00000
1741478400,1.0696,1.0696,1.0696,1.0696,1.0696,95.00000
1741492800,1.0696,1.0696,1.0696,1.0696,0.0000,0.00000
1741507200,1.0696,1.0696,1.0696,1.0696,0.0000,0.00000
1741521600,1.0302,1.0302,1.0300,1.0300,1.0300,125.00000
1741536000,1.0300,1.0300,1.0300,1.0300,0.0000,0.00000
1741550400,1.0640,1.0640,1.0640,1.0640,1.0640,45.00000
1741564800,1.0640,1.0640,1.0640,1.0640,0.0000,0.00000
1741579200,1.0640,1.0640,1.0640,1.0640,0.0000,0.00000
1741593600,1.0640,1.0640,1.0640,1.0640,0.0000,0.00000
1741608000,1.0300,1.0659,1.0231,1.0659,1.0236,1809.77421
1741622400,1.0654,1.0654,1.0654,1.0654,1.0654,25.00000
1741636800,1.0654,1.0654,1.0654,1.0654,0.0000,0.00000
1741651200,1.0653,1.0653,1.0653,1.0653,1.0653,95.00000
1741665600,1.0653,1.0653,1.0653,1.0653,0.0000,0.00000
1741680000,1.0653,1.0653,1.0653,1.0653,0.0000,0.00000
1741694400,1.0571,1.0571,1.0571,1.0571,1.0571,18.77779
1741708800,1.0571,1.0644,1.0571,1.0644,1.0601,6108.52319
1741723200,1.0729,1.0729,1.0458,1.0729,1.0618,167.74781
1741737600,1.0729,1.0729,1.0729,1.0729,0.0000,0.00000
1741752000,1.0492,1.0492,1.0472,1.0472,1.0475,100.00000
1741766400,1.0729,1.0771,1.0729,1.0771,1.0765,30.06011
1741780800,1.0567,1.0590,1.0567,1.0570,1.0573,128.91372
1741795200,1.0570,1.0570,1.0570,1.0570,0.0000,0.00000
1741809600,1.0685,1.0900,1.0685,1.0900,1.0895,9352.47050
1741824000,1.0900,1.0900,1.0900,1.0900,0.0000,0.00000
1741838400,1.0570,1.0570,1.0569,1.0569,1.0569,21.55550
1741852800,1.0547,1.0587,1.0546,1.0568,1.0567,100.28784
1741867200,1.0547,1.0547,1.0546,1.0546,1.0546,14.70000
1741881600,1.0708,1.0921,1.0547,1.0723,1.0842,1879.06966
1741896000,1.0723,1.0723,1.0723,1.0723,0.0000,0.00000
1741910400,1.0723,1.0723,1.0723,1.0723,0.0000,0.00000
1741924800,1.0723,1.0723,1.0723,1.0723,0.0000,0.00000
1741939200,1.0723,1.0723,1.0723,1.0723,0.0000,0.00000
1741953600,1.0586,1.0586,1.0585,1.0585,1.0585,26.40000
1741968000,1.0585,1.0585,1.0585,1.0585,0.0000,0.00000
1741982400,1.0585,1.0585,1.0585,1.0585,0.0000,0.00000
1741996800,1.0585,1.0585,1.0585,1.0585,0.0000,0.00000
1742011200,1.0585,1.0585,1.0585,1.0585,0.0000,0.00000
1742025600,1.0585,1.0585,1.0585,1.0585,0.0000,0.00000
1742040000,1.0998,1.0998,1.0998,1.0998,1.0998,92.61938
1742054400,1.0998,1.0998,1.0998,1.0998,0.0000,0.00000
1742068800,1.0998,1.0998,1.0998,1.0998,0.0000,0.00000
1742083200,1.0998,1.0998,1.0998,1.0998,0.0000,0.00000
1742097600,1.0998,1.0998,1.0998,1.0998,0.0000,0.00000
1742112000,1.0998,1.0998,1.0998,1.0998,0.0000,0.00000
1742126400,1.0998,1.0998,1.0998,1.0998,0.0000,0.00000
1742140800,1.0998,1.0998,1.0998,1.0998,0.0000,0.00000
1742155200,1.0998,1.0998,1.0998,1.0998,0.0000,0.00000
1742169600,1.0998,1.0998,1.0998,1.0998,0.0000,0.00000
1742184000,1.0998,1.0998,1.0998,1.0998,0.0000,0.00000
1742198400,1.0998,1.0998,1.0998,1.0998,0.0000,0.00000
1742212800,1.0997,1.1000,1.0997,1.1000,1.0999,283.75820
1742227200,1.0612,1.0616,1.0611,1.0616,1.0612,87.10753
1742241600,1.0899,1.0899,1.0899,1.0899,1.0899,93.87550
1742256000,1.0899,1.0899,1.0899,1.0899,0.0000,0.00000
1742270400,1.0616,1.0616,1.0616,1.0616,1.0616,14.34049
1742284800,1.0877,1.0900,1.0877,1.0900,1.0895,185.00000
1742299200,1.0539,1.0858,1.0538,1.0858,1.0588,220.00000
1742313600,1.0531,1.0580,1.0528,1.0579,1.0554,70.00000
1742328000,1.0601,1.0601,1.0601,1.0601,1.0601,24.68115
1742342400,1.0601,1.0601,1.0601,1.0601,1.0601,5.00000
1742356800,1.0601,1.0601,1.0601,1.0601,0.0000,0.00000
1742371200,1.0634,1.0871,1.0633,1.0871,1.0749,111.22637
1742385600,1.0883,1.0900,1.0883,1.0900,1.0887,195.71725
1742400000,1.0900,1.1155,1.0633,1.1124,1.0890,276.05609
1742414400,1.1124,1.1124,1.1124,1.1124,0.0000,0.00000
1742428800,1.1155,1.1155,1.1155,1.1155,1.1155,22.47393
1742443200,1.1155,1.1155,1.1155,1.1155,0.0000,0.00000
1742457600,1.1124,1.1124,1.1124,1.1124,1.1124,5.00000
1742472000,1.0979,1.1156,1.0602,1.0602,1.0621,2562.79000
1742486400,1.0603,1.0603,1.0602,1.0602,1.0602,30.64183
1742500800,1.0603,1.1215,1.0603,1.1215,1.1127,331.67638
1742515200,1.1215,1.1215,1.1215,1.1215,0.0000,0.00000
1742529600,1.1215,1.1215,1.1215,1.1215,0.0000,0.00000
1742544000,1.1215,1.1218,1.1215,1.1218,1.1217,22.29157
1742558400,1.1218,1.1218,1.1218,1.1218,0.0000,0.00000
1742572800,1.1217,1.1257,1.1217,1.1257,1.1225,188.10923
1742587200,1.1257,1.1680,1.1257,1.1680,1.1409,222.38385
1742601600,1.1617,1.1681,1.1617,1.1681,1.1676,789.09905
1742616000,1.1680,1.1680,1.0605,1.0605,1.1143,88.57460
1742630400,1.1678,1.1681,1.1678,1.1681,1.1678,256.47943
1742644800,1.1681,1.1954,1.1681,1.1954,1.1709,1668.20457
1742659200,1.1954,1.1954,1.1954,1.1954,0.0000,0.00000
1742673600,1.1954,1.1954,1.1954,1.1954,0.0000,0.00000
1742688000,1.1954,1.1954,1.1954,1.1954,0.0000,0.00000
1742702400,1.1483,1.1483,1.1483,1.1483,1.1483,20.00000
1742716800,1.1483,1.1483,1.1483,1.1483,0.0000,0.00000
1742731200,1.1483,1.1483,1.1483,1.1483,0.0000,0.00000
1742745600,1.1058,1.1059,1.0528,1.0528,1.0992,2755.28468
1742760000,1.0527,1.0898,1.0527,1.0528,1.0745,160.87206
1742774400,1.0528,1.0528,1.0528,1.0528,0.0000,0.00000
1742788800,1.0527,1.0527,1.0527,1.0527,1.0527,611.95000
1742803200,1.0872,1.0897,1.0872,1.0897,1.0880,85.00000
1742817600,1.0530,1.0530,1.0529,1.0529,1.0529,85.00000
1742832000,1.0874,1.0874,1.0535,1.0852,1.0826,324.80180
1742846400,1.0852,1.0852,1.0852,1.0852,0.0000,0.00000
1742860800,1.0852,1.0852,1.0852,1.0852,0.0000,0.00000
1742875200,1.0852,1.0852,1.0852,1.0852,0.0000,0.00000
1742889600,1.0852,1.0852,1.0852,1.0852,0.0000,0.00000
1742904000,1.0943,1.0944,1.0597,1.0599,1.0811,78.58790
1742918400,1.0943,1.0944,1.0568,1.0568,1.0756,40.00000
1742932800,1.0990,1.0990,1.0990,1.0990,1.0990,5.00000
1742947200,1.0990,1.0990,1.0990,1.0990,0.0000,0.00000
1742961600,1.0990,1.0990,1.0990,1.0990,0.0000,0.00000
1742976000,1.0981,1.1130,1.0531,1.1057,1.0998,2625.70489
1742990400,1.1057,1.1057,1.1057,1.1057,0.0000,0.00000
1743004800,1.1055,1.1055,1.1055,1.1055,1.1055,22.61011
1743019200,1.0573,1.0573,1.0565,1.0565,1.0566,168.53148
1743033600,1.0565,1.0565,1.0565,1.0565,0.0000,0.00000
1743048000,1.0565,1.0565,1.0565,1.0565,0.0000,0.00000
1743062400,1.0565,1.0565,1.0565,1.0565,0.0000,0.00000
1743076800,1.0956,1.0956,1.0956,1.0956,1.0956,9.46521
1743091200,1.0937,1.0950,1.0937,1.0950,1.0937,200.00000
1743105600,1.0950,1.0950,1.0950,1.0950,0.0000,0.00000
1743120000,1.0950,1.0950,1.0950,1.0950,0.0000,0.00000
1743134400,1.0950,1.0950,1.0950,1.0950,0.0000,0.00000
1743148800,1.0950,1.0950,1.0950,1.0950,0.0000,0.00000
1743163200,1.0950,1.0950,1.0950,1.0950,0.0000,0.00000
1743177600,1.0798,1.0798,1.0798,1.0798,1.0798,25.00000
1743192000,1.0597,1.0597,1.0597,1.0597,1.0597,5.00000
1743206400,1.0597,1.0597,1.0597,1.0597,0.0000,0.00000
1743220800,1.0597,1.0597,1.0597,1.0597,0.0000,0.00000
1743235200,1.0597,1.0597,1.0597,1.0597,0.0000,0.00000
1743249600,1.0597,1.0597,1.0597,1.0597,0.0000,0.00000
1743264000,1.0597,1.0597,1.0597,1.0597,0.0000,0.00000
1743278400,1.0597,1.0597,1.0597,1.0597,0.0000,0.00000
1743292800,1.0597,1.0597,1.0597,1.0597,0.0000,0.00000
1743307200,1.0479,1.0800,1.0479,1.0800,1.0669,588.75664
1743321600,1.0800,1.0800,1.0800,1.0800,0.0000,0.00000
1743336000,1.0800,1.0800,1.0800,1.0800,0.0000,0.00000
1743350400,1.0800,1.0800,1.0800,1.0800,0.0000,0.00000
1743364800,1.0800,1.0800,1.0800,1.0800,0.0000,0.00000
1743379200,1.0800,1.0800,1.0800,1.0800,1.0800,9.25925
1743393600,1.0800,1.0900,1.0438,1.0900,1.0628,661.13000
1743408000,1.0509,1.0888,1.0506,1.0888,1.0642,245.00000
1743422400,1.0888,1.0899,1.0853,1.0853,1.0859,1086.04146
1743436800,1.0853,1.1155,1.0531,1.0622,1.0762,1453.92438
1743451200,1.1155,1.1228,1.0612,1.0612,1.1034,457.10799
1743465600,1.0612,1.0612,1.0612,1.0612,0.0000,0.00000
1743480000,1.0692,1.0692,1.0662,1.0662,1.0675,50.00000
1743494400,1.1143,1.1155,1.0599,1.1153,1.1053,185.51463
1743508800,1.0599,1.0869,1.0507,1.0869,1.0552,229.39330
1743523200,1.1132,1.1133,1.1132,1.1133,1.1132,9.19020
1743537600,1.1133,1.1133,1.1133,1.1133,0.0000,0.00000
1743552000,1.0724,1.0724,1.0724,1.0724,1.0724,40.00000
1743566400,1.1076,1.1228,1.1076,1.1228,1.1206,166.50346
1743580800,1.1228,1.1228,1.1228,1.1228,0.0000,0.00000
1743595200,1.1228,1.1228,1.1228,1.1228,0.0000,0.00000
1743609600,1.0472,1.1139,1.0472,1.0942,1.0569,161.14608
1743624000,1.0973,1.0973,1.0973,1.0973,1.0973,45.00000
1743638400,1.1318,1.1318,1.1318,1.1318,1.1318,40.00000
1743652800,1.1050,1.1050,1.1050,1.1050,1.1050,15.00000
1743667200,1.1050,1.1050,1.1050,1.1050,0.0000,0.00000
1743681600,1.1217,1.1351,1.1217,1.1351,1.1300,232.00468
1743696000,1.1351,1.1351,1.1351,1.1351,0.0000,0.00000
1743710400,1.0544,1.9499,1.0544,1.9499,1.4135,212.07132
1743724800,1.0485,1.0485,1.0485,1.0485,1.0485,87.39000
1743739200,1.0485,1.0485,1.0485,1.0485,0.0000,0.00000
1743753600,1.4492,1.4492,1.4492,1.4492,1.4492,10.00000
1743768000,1.4310,1.4310,1.1020,1.1584,1.2783,900.14461
1743782400,1.1665,1.1899,1.0691,1.0691,1.1813,832.03554
1743796800,1.1817,1.1817,1.0645,1.0920,1.0911,7564.55376
1743811200,1.0919,1.0919,1.0918,1.0918,1.0918,30.95229
1743825600,1.0918,1.0918,1.0918,1.0918,0.0000,0.00000
1743840000,1.0918,1.0918,1.0918,1.0918,1.0918,15.00000
1743854400,1.0918,1.0918,1.0918,1.0918,0.0000,0.00000
1743868800,1.0918,1.0918,1.0918,1.0918,0.0000,0.00000
1743883200,1.0919,1.0920,1.0919,1.0920,1.0919,30.00000
1743897600,1.0920,1.0920,1.0920,1.0920,0.0000,0.00000
1743912000,1.0920,1.0920,1.0920,1.0920,0.0000,0.00000
1743926400,1.0920,1.0920,1.0674,1.0674,1.0907,127.20877
1743940800,1.0919,1.0920,1.0919,1.0920,1.0919,106.01895
1743955200,1.0920,1.0920,1.0920,1.0920,0.0000,0.00000
1743969600,1.0920,1.0920,1.0920,1.0920,0.0000,0.00000
1743984000,1.0920,1.0920,1.0920,1.0920,1.0920,320.00957
1743998400,1.0920,1.0920,1.0920,1.0920,0.0000,0.00000
1744012800,1.0920,1.0920,1.0920,1.0920,0.0000,0.00000
1744027200,1.0782,1.0919,1.0600,1.0715,1.0748,595.25999
1744041600,1.0919,1.0919,1.0600,1.0888,1.0831,464.97936
1744056000,1.0920,1.0920,1.0709,1.0709,1.0800,23.06668
1744070400,1.0625,1.0920,1.0480,1.0920,1.0733,268.64909
1744084800,1.0920,1.0920,1.0920,1.0920,1.0920,5.00000
1744099200,1.0920,1.0920,1.0920,1.0920,0.0000,0.00000
1744113600,1.0920,1.0920,1.0820,1.0820,1.0881,195.00000
1744128000,1.0920,1.0920,1.0920,1.0920,1.0920,18.97609
1744142400,1.0920,1.0920,1.0920,1.0920,0.0000,0.00000
1744156800,1.0920,1.0920,1.0920,1.0920,1.0920,20.00000
1744171200,1.0920,1.0920,1.0920,1.0920,0.0000,0.00000
1744185600,1.0920,1.0920,1.0920,1.0920,0.0000,0.00000
1744200000,1.0807,1.0807,1.0807,1.0807,1.0807,15.00000
1744214400,1.0807,1.0807,1.0807,1.0807,0.0000,0.00000
1744228800,1.0807,1.0807,1.0807,1.0807,0.0000,0.00000
1744243200,1.0807,1.0807,1.0807,1.0807,0.0000,0.00000
1744257600,1.0807,1.0807,1.0807,1.0807,0.0000,0.00000
1744272000,1.0807,1.0807,1.0807,1.0807,0.0000,0.00000
1744286400,1.0791,1.0791,1.0791,1.0791,1.0791,10.00000
1744300800,1.0791,1.0791,1.0791,1.0791,0.0000,0.00000
1744315200,1.0920,1.0920,1.0920,1.0920,1.0920,150.00000
1744329600,1.0920,1.1344,1.0920,1.1344,1.1229,980.00000
1744344000,1.1322,1.1400,1.0550,1.1400,1.0891,186.82599
1744358400,1.1344,1.1399,1.0620,1.0931,1.1035,239.65097
1744372800,1.1399,1.1399,1.0945,1.0947,1.1352,270.00000
1744387200,1.1399,1.1400,1.1399,1.1400,1.1399,1240.00000
1744401600,1.0872,1.1400,1.0872,1.1005,1.0918,256.03752
1744416000,1.0951,1.1372,1.0872,1.0874,1.0951,7575.82452
1744430400,1.0874,1.0874,1.0874,1.0874,0.0000,0.00000
1744444800,1.0874,1.0874,1.0874,1.0874,0.0000,0.00000
1744459200,1.0874,1.0874,1.0874,1.0874,0.0000,0.00000
1744473600,1.0923,1.0923,1.0923,1.0923,1.0923,169.95800
1744488000,1.0923,1.1400,1.0884,1.1398,1.1178,126.12961
1744502400,1.1398,1.1398,1.1398,1.1398,0.0000,0.00000
1744516800,1.1398,1.1398,1.1398,1.1398,0.0000,0.00000
1744531200,1.1398,1.1398,1.1398,1.1398,0.0000,0.00000
1744545600,1.0901,1.0901,1.0901,1.0901,1.0901,11.02535
1744560000,1.0901,1.0901,1.0901,1.0901,0.0000,0.00000
1744574400,1.0901,1.0901,1.0901,1.0901,0.0000,0.00000
1744588800,1.1366,1.1369,1.1366,1.1369,1.1368,170.00000
1744603200,1.1369,1.1369,1.1369,1.1369,0.0000,0.00000
1744617600,1.1398,1.1400,1.1398,1.1400,1.1399,220.00000
1744632000,1.1354,1.1400,1.0960,1.1400,1.1315,250.48028
1744646400,1.1400,1.1400,1.1400,1.1400,1.1400,190.00000
1744660800,1.1400,1.1400,1.1400,1.1400,0.0000,0.00000
1744675200,1.0937,1.0937,1.0931,1.0931,1.0936,50.00000
1744689600,1.0931,1.0931,1.0931,1.0931,0.0000,0.00000
1744704000,1.0931,1.0931,1.0931,1.0931,0.0000,0.00000
1744718400,1.1399,1.1399,1.1399,1.1399,1.1399,30.00000
1744732800,1.1399,1.1399,1.1399,1.1399,0.0000,0.00000
1744747200,1.1363,1.1364,1.1363,1.1364,1.1363,245.00000
1744761600,1.1364,1.1364,1.1364,1.1364,0.0000,0.00000
1744776000,1.1364,1.1364,1.1364,1.1364,0.0000,0.00000
1744790400,1.0901,1.0901,1.0901,1.0901,1.0901,9.24054
1744804800,1.0901,1.0901,1.0901,1.0901,0.0000,0.00000
1744819200,1.1326,1.1327,1.0951,1.0951,1.1005,240.00000
1744833600,1.0951,1.0951,1.0951,1.0951,0.0000,0.00000
1744848000,1.0951,1.0951,1.0951,1.0951,0.0000,0.00000
1744862400,1.0951,1.0951,1.0951,1.0951,0.0000,0.00000
1744876800,1.0951,1.0951,1.0951,1.0951,0.0000,0.00000
1744891200,1.1326,1.1400,1.1326,1.1400,1.1355,590.00000
1744905600,1.1326,1.1326,1.0902,1.0950,1.1021,123.02389
1744920000,1.0950,1.0950,1.0950,1.0950,1.0950,67.78121
1744934400,1.0950,1.0950,1.0950,1.0950,0.0000,0.00000
1744948800,1.0950,1.0950,1.0950,1.0950,0.0000,0.00000
1744963200,1.0950,1.0950,1.0950,1.0950,0.0000,0.00000
1744977600,1.0950,1.0950,1.0950,1.0950,0.0000,0.00000
1744992000,1.0961,1.0961,1.0961,1.0961,1.0961,25.00000
1745006400,1.0961,1.0961,1.0961,1.0961,0.0000,0.00000
1745020800,1.0961,1.0961,1.0961,1.0961,0.0000,0.00000
1745035200,1.0961,1.0961,1.0961,1.0961,0.0000,0.00000
1745049600,1.0961,1.0961,1.0961,1.0961,0.0000,0.00000
1745064000,1.0961,1.0961,1.0961,1.0961,0.0000,0.00000
1745078400,1.0961,1.0961,1.0961,1.0961,0.0000,0.00000
1745092800,1.0961,1.0961,1.0961,1.0961,0.0000,0.00000
1745107200,1.0961,1.0961,1.0961,1.0961,0.0000,0.00000
1745121600,1.0961,1.0961,1.0961,1.0961,0.0000,0.00000
1745136000,1.0961,1.0961,1.0961,1.0961,0.0000,0.00000
1745150400,1.1370,1.1398,1.1370,1.1398,1.1391,360.00000
1745164800,1.1400,1.9894,1.0951,1.0951,1.1699,2041.40692
1745179200,1.2000,1.2000,1.2000,1.2000,1.2000,10.95790
1745193600,1.2000,1.2000,1.2000,1.2000,0.0000,0.00000
1745208000,1.1069,1.1069,1.1069,1.1069,1.1069,5.00000
1745222400,1.1700,1.1900,1.1565,1.1615,1.1785,446.82121
1745236800,1.1839,1.1900,1.1839,1.1900,1.1898,1153.18493
1745251200,1.1069,1.1900,1.1067,1.1855,1.1567,94.33561
1745265600,1.1899,1.1899,1.1899,1.1899,1.1899,31.70699
1745280000,1.1899,1.1900,1.1899,1.1900,1.1899,265.00000
1745294400,1.1900,1.1900,1.1900,1.1900,0.0000,0.00000
1745308800,1.1876,1.1878,1.1876,1.1878,1.1876,40.00000
1745323200,1.1260,1.1900,1.1206,1.1889,1.1847,1132.00561
1745337600,1.1889,1.1889,1.1889,1.1889,0.0000,0.00000
1745352000,1.1899,1.2186,1.1899,1.2186,1.2126,37.80588
1745366400,1.1900,1.1900,1.1900,1.1900,1.1900,8.20613
1745380800,1.1900,1.1900,1.1900,1.1900,0.0000,0.00000
1745395200,1.1900,1.1900,1.1900,1.1900,0.0000,0.00000
1745409600,1.1730,1.1899,1.1202,1.1899,1.1815,1422.69541
1745424000,1.1899,1.1899,1.1899,1.1899,0.0000,0.00000
1745438400,1.1606,1.1899,1.1606,1.1899,1.1883,94.25534
1745452800,1.1244,1.1244,1.1244,1.1244,1.1244,11.72326
1745467200,1.1244,1.1244,1.1244,1.1244,0.0000,0.00000
1745481600,1.1244,1.1244,1.1244,1.1244,0.0000,0.00000
1745496000,1.1244,1.1244,1.1244,1.1244,0.0000,0.00000
1745510400,1.1544,1.1567,1.1544,1.1567,1.1555,10.00000
1745524800,1.1567,1.1567,1.1567,1.1567,0.0000,0.00000
1745539200,1.1535,1.1898,1.1201,1.1246,1.1447,273.28264
1745553600,1.1246,1.1246,1.1246,1.1246,0.0000,0.00000
1745568000,1.1246,1.1246,1.1246,1.1246,0.0000,0.00000
1745582400,1.1651,1.1651,1.1201,1.1201,1.1377,120.00000
1745596800,1.1256,1.1820,1.1256,1.1383,1.1482,125.00000
1745611200,1.1382,1.1382,1.1382,1.1382,1.1382,8.49274
1745625600,1.1382,1.1382,1.1382,1.1382,0.0000,0.00000
1745640000,1.1382,1.1383,1.1201,1.1201,1.1352,221.39952
1745654400,1.1201,1.1201,1.1201,1.1201,0.0000,0.00000
1745668800,1.1382,1.1382,1.1382,1.1382,1.1382,36.89850
1745683200,1.1382,1.1382,1.1382,1.1382,0.0000,0.00000
1745697600,1.1382,1.1382,1.1382,1.1382,0.0000,0.00000
1745712000,1.1383,1.1383,1.1383,1.1383,1.1383,16.86477
1745726400,1.1383,1.1383,1.1383,1.1383,0.0000,0.00000
1745740800,1.1383,1.1383,1.1383,1.1383,1.1383,106.31697
1745755200,1.1383,1.1383,1.1383,1.1383,0.0000,0.00000
1745769600,1.1202,1.1202,1.1202,1.1202,1.1202,10.00000
1745784000,1.1202,1.1202,1.1202,1.1202,0.0000,0.00000
1745798400,1.1202,1.1202,1.1202,1.1202,0.0000,0.00000
1745812800,1.1383,1.1383,1.1383,1.1383,1.1383,104.58811
1745827200,1.1201,1.1201,1.1201,1.1201,1.1201,310.81400
1745841600,1.1201,1.1201,1.1201,1.1201,0.0000,0.00000
1745856000,1.1201,1.1201,1.1201,1.1201,0.0000,0.00000
1745870400,1.1201,1.1201,1.1201,1.1201,0.0000,0.00000
1745884800,1.1201,1.1201,1.1201,1.1201,0.0000,0.00000
1745899200,1.1220,1.1220,1.1200,1.1200,1.1203,340.00000
1745913600,1.1200,1.1200,1.1200,1.1200,0.0000,0.00000
1745928000,1.1200,1.1200,1.1200,1.1200,0.0000,0.00000
1745942400,1.1201,1.1201,1.1201,1.1201,1.1201,5.00000
1745956800,1.1201,1.1201,1.1201,1.1201,0.0000,0.00000
1745971200,1.1201,1.1201,1.1201,1.1201,1.1201,8.30074
1745985600,1.1201,1.1201,1.1201,1.1201,0.0000,0.00000
1746000000,1.1201,1.1201,1.1201,1.1201,0.0000,0.00000
1746014400,1.1318,1.1319,1.1318,1.1319,1.1318,477.85520
1746028800,1.1319,1.1337,1.1319,1.1337,1.1319,202.13929
1746043200,1.1337,1.1337,1.1337,1.1337,0.0000,0.00000
1746057600,1.1337,1.1337,1.1337,1.1337,0.0000,0.00000
1746072000,1.1337,1.1337,1.1337,1.1337,0.0000,0.00000
1746086400,1.1337,1.1337,1.1337,1.1337,0.0000,0.00000
1746100800,1.1383,1.1383,1.1383,1.1383,1.1383,10.66089
1746115200,1.1383,1.1383,1.1383,1.1383,0.0000,0.00000
1746129600,1.1383,1.1383,1.1383,1.1383,0.0000,0.00000
1746144000,1.1383,1.1383,1.1383,1.1383,0.0000,0.00000
1746158400,1.1383,1.1383,1.1383,1.1383,0.0000,0.00000
1746172800,1.1383,1.1383,1.1383,1.1383,0.0000,0.00000
1746187200,1.1383,1.1383,1.1383,1.1383,0.0000,0.00000
1746201600,1.1383,1.1383,1.1383,1.1383,0.0000,0.00000
1746216000,1.1383,1.1383,1.1383,1.1383,0.0000,0.00000
1746230400,1.1383,1.1383,1.1383,1.1383,0.0000,0.00000
1746244800,1.1323,1.1323,1.1323,1.1323,1.1323,9.18013
1746259200,1.1323,1.1323,1.1323,1.1323,0.0000,0.00000
1746273600,1.1323,1.1323,1.1323,1.1323,0.0000,0.00000
1746288000,1.1304,1.1304,1.1304,1.1304,1.1304,8.90144
1746302400,1.1304,1.1304,1.1304,1.1304,0.0000,0.00000
1746316800,1.1304,1.1304,1.1304,1.1304,0.0000,0.00000
1746331200,1.1304,1.1304,1.1304,1.1304,0.0000,0.00000
1746345600,1.1304,1.1304,1.1304,1.1304,0.0000,0.00000
1746360000,1.1202,1.1202,1.1201,1.1201,1.1201,97.58190
1746374400,1.1201,1.1201,1.1201,1.1201,0.0000,0.00000
1746388800,1.1201,1.1201,1.1201,1.1201,0.0000,0.00000
1746403200,1.1201,1.1201,1.1201,1.1201,0.0000,0.00000
1746417600,1.1201,1.1201,1.1201,1.1201,0.0000,0.00000
1746432000,1.1201,1.1201,1.1201,1.1201,0.0000,0.00000
1746446400,1.1304,1.1323,1.1304,1.1323,1.1322,25.31141
1746460800,1.1323,1.1323,1.1323,1.1323,0.0000,0.00000
1746475200,1.1323,1.1323,1.1323,1.1323,0.0000,0.00000
1746489600,1.1323,1.1323,1.1323,1.1323,0.0000,0.00000
1746504000,1.1323,1.1323,1.1323,1.1323,0.0000,0.00000
1746518400,1.1323,1.1323,1.1323,1.1323,0.0000,0.00000
1746532800,1.1323,1.3401,1.1323,1.3401,1.2024,1157.84050
1746547200,1.2100,1.3401,1.2100,1.3401,1.2204,279.78300
1746561600,1.3401,1.3401,1.3401,1.3401,0.0000,0.00000
1746576000,1.1869,1.2202,1.1741,1.2202,1.2063,226.37508
1746590400,1.2202,1.2202,1.2202,1.2202,0.0000,0.00000
1746604800,1.2202,1.2202,1.2202,1.2202,0.0000,0.00000
1746619200,1.2087,1.3747,1.1811,1.2971,1.2428,493.75910
1746633600,1.1741,1.1741,1.1260,1.1260,1.1281,14.00000
1746648000,1.1260,1.1260,1.1260,1.1260,0.0000,0.00000
1746662400,1.1850,1.1850,1.1850,1.1850,1.1850,182.00762
1746676800,1.2108,1.2139,1.2108,1.2139,1.2122,385.41076
1746691200,1.1328,1.1328,1.1328,1.1328,1.1328,39.20000
1746705600,1.2401,1.2401,1.1373,1.1373,1.2295,468.03741
1746720000,1.1313,1.1313,1.1282,1.1282,1.1287,27.00000
1746734400,1.1585,1.1585,1.1244,1.1244,1.1491,18.32051
1746748800,1.1244,1.1244,1.1244,1.1244,0.0000,0.00000
1746763200,1.1249,1.1249,1.1249,1.1249,1.1249,4.21240
1746777600,1.1249,1.1249,1.1249,1.1249,0.0000,0.00000
1746792000,1.1585,1.1585,1.1585,1.1585,1.1585,47.70958
1746806400,1.1586,1.1586,1.1586,1.1586,1.1586,10.35822
1746820800,1.1586,1.1586,1.1586,1.1586,0.0000,0.00000
1746835200,1.1586,1.1586,1.1586,1.1586,0.0000,0.00000
1746849600,1.1586,1.1586,1.1586,1.1586,0.0000,0.00000
1746864000,1.1586,1.1586,1.1586,1.1586,0.0000,0.00000
1746878400,1.1586,1.1586,1.1586,1.1586,0.0000,0.00000
1746892800,1.1586,1.1586,1.1586,1.1586,1.1586,10.35732
1746907200,1.1586,1.1586,1.1586,1.1586,0.0000,0.00000
1746921600,1.1239,1.1239,1.1239,1.1239,1.1239,30.00000
1746936000,1.1239,1.1239,1.1239,1.1239,0.0000,0.00000
1746950400,1.1239,1.1239,1.1239,1.1239,0.0000,0.00000
1746964800,1.1246,1.1246,1.1239,1.1240,1.1244,26.40990
1746979200,1.1240,1.1240,1.1240,1.1240,0.0000,0.00000
1746993600,1.1240,1.1240,1.1240,1.1240,0.0000,0.00000
1747008000,1.1239,1.1239,1.1239,1.1239,1.1239,5.00000
1747022400,1.1239,1.1239,1.1239,1.1239,0.0000,0.00000
1747036800,1.1239,1.1239,1.1201,1.1201,1.1211,200.67860
1747051200,1.1201,1.1900,1.1200,1.1200,1.1370,7786.92723
1747065600,1.1200,1.1200,1.1200,1.1200,1.1200,224.58562
1747080000,1.1100,1.1100,1.1100,1.1100,1.1100,5.00000
1747094400,1.1101,1.1101,1.1101,1.1101,1.1101,5.00000
1747108800,1.1101,1.1101,1.1101,1.1101,0.0000,0.00000
1747123200,1.1101,1.1101,1.1101,1.1101,0.0000,0.00000
1747137600,1.1101,1.1474,1.1101,1.1102,1.1132,337.02459
1747152000,1.1402,1.1402,1.1402,1.1402,1.1402,5.00000
1747166400,1.1336,1.1345,1.1129,1.1345,1.1209,63.26878
1747180800,1.1345,1.1345,1.1345,1.1345,0.0000,0.00000
1747195200,1.1345,1.1345,1.1345,1.1345,0.0000,0.00000
1747209600,1.1345,1.1345,1.1345,1.1345,0.0000,0.00000
1747224000,1.1101,1.1101,1.1101,1.1101,1.1101,2.95130
1747238400,1.1100,1.1100,1.1100,1.1100,1.1100,10.00000
1747252800,1.1100,1.1100,1.1100,1.1100,0.0000,0.00000
1747267200,1.1100,1.1100,1.1100,1.1100,0.0000,0.00000
1747281600,1.1100,1.1100,1.1100,1.1100,0.0000,0.00000
1747296000,1.1100,1.1100,1.1100,1.1100,0.0000,0.00000
1747310400,1.1100,1.1100,1.1100,1.1100,1.1100,85.00000
1747324800,1.1298,1.1452,1.1298,1.1452,1.1326,110.00000
1747339200,1.1111,1.1448,1.1100,1.1300,1.1149,175.00000
1747353600,1.1300,1.1300,1.1300,1.1300,1.1300,10.00000
1747368000,1.1470,1.1500,1.1470,1.1500,1.1484,2592.61237
1747382400,1.1122,1.1498,1.1101,1.1498,1.1296,366.25193
1747396800,1.1496,1.1496,1.1101,1.1128,1.1149,207.33925
1747411200,1.1128,1.1128,1.1128,1.1128,0.0000,0.00000
1747425600,1.1476,1.1476,1.1476,1.1476,1.1476,20.00000
1747440000,1.1476,1.1476,1.1476,1.1476,0.0000,0.00000
1747454400,1.1476,1.1476,1.1476,1.1476,0.0000,0.00000
1747468800,1.1476,1.1476,1.1476,1.1476,0.0000,0.00000
1747483200,1.1476,1.1476,1.1476,1.1476,0.0000,0.00000
1747497600,1.1476,1.1476,1.1476,1.1476,0.0000,0.00000
1747512000,1.1476,1.1476,1.1476,1.1476,0.0000,0.00000
