date,open,high,low,close,vwap,vol
1737158400,0.9996,1.0002,0.9994,1.0001,0.9998,1355110.47889954
1737172800,1.0001,1.0005,1.0000,1.0004,1.0002,3752714.11075851
1737187200,1.0004,1.0006,1.0002,1.0005,1.0003,2402072.47808420
1737201600,1.0004,1.0007,1.0002,1.0005,1.0004,2792507.66010005
1737216000,1.0006,1.0010,1.0005,1.0009,1.0007,5277228.75806804
1737230400,1.0008,1.0014,1.0008,1.0011,1.0010,4107435.03078117
1737244800,1.0011,1.0012,1.0008,1.0012,1.0009,3177886.89338174
1737259200,1.0011,1.0018,1.0009,1.0017,1.0011,3397524.56378073
1737273600,1.0017,1.0057,1.0011,1.0017,1.0017,10391226.24271327
1737288000,1.0016,1.0023,1.0012,1.0015,1.0015,7696007.32325552
1737302400,1.0015,1.0016,1.0010,1.0011,1.0011,5925359.79514846
1737316800,1.0011,1.0117,1.0008,1.0014,1.0017,11836275.48719143
1737331200,1.0014,1.0059,1.0009,1.0010,1.0013,7394603.86101400
1737345600,1.0010,1.0019,1.0009,1.0015,1.0012,11794849.10145484
1737360000,1.0014,1.0016,1.0008,1.0012,1.0011,18540097.67886226
1737374400,1.0012,1.0024,1.0009,1.0010,1.0011,16420684.08128916
1737388800,1.0011,1.0015,1.0007,1.0012,1.0011,10456918.58418045
1737403200,1.0010,1.0014,1.0009,1.0011,1.0010,4996610.54972526
1737417600,1.0011,1.0015,1.0010,1.0012,1.0012,2976433.92577651
1737432000,1.0012,1.0014,1.0010,1.0012,1.0012,7491280.82625906
1737446400,1.0013,1.0013,1.0008,1.0009,1.0010,13527789.16851274
1737460800,1.0010,1.0012,1.0007,1.0009,1.0009,13210292.86727589
1737475200,1.0009,1.0010,0.9998,1.0000,1.0002,14173419.95158969
1737489600,0.9999,1.0001,0.9996,0.9999,0.9999,3719028.91283236
1737504000,0.9998,1.0002,0.9998,1.0000,0.9999,620158.26909892
1737518400,1.0000,1.0002,0.9999,1.0001,1.0000,7607310.75973565
1737532800,1.0001,1.0005,1.0000,1.0002,1.0000,8428545.01690824
1737547200,1.0002,1.0003,0.9996,1.0000,1.0000,5361857.16260310
1737561600,1.0001,1.0004,1.0000,1.0002,1.0001,3746065.03310448
1737576000,1.0003,1.0005,1.0001,1.0005,1.0003,1335726.11503310
1737590400,1.0004,1.0008,1.0003,1.0006,1.0005,2260704.70744781
1737604800,1.0007,1.0008,1.0004,1.0005,1.0005,7920749.28304020
1737619200,1.0004,1.0007,1.0003,1.0004,1.0004,10870371.68278842
1737633600,1.0003,1.0007,0.9999,0.9999,1.0002,8128309.33978150
1737648000,1.0000,1.0000,0.9992,0.9997,0.9997,6263323.17620597
1737662400,0.9997,1.0000,0.9994,0.9999,0.9997,2889591.36518381
1737676800,0.9998,1.0002,0.9997,1.0001,1.0000,1986542.79515639
1737691200,1.0002,1.0003,1.0000,1.0001,1.0000,6535414.59381372
1737705600,1.0000,1.0001,0.9997,0.9999,0.9999,12063011.61301469
1737720000,0.9999,1.0002,0.9997,0.9999,0.9998,10852695.23159487
1737734400,0.9999,0.9999,0.9995,0.9997,0.9997,1187151.62429154
1737748800,0.9997,1.0001,0.9996,1.0000,0.9998,2896914.73082449
1737763200,1.0001,1.0002,0.9999,1.0001,1.0000,414815.07022309
1737777600,1.0002,1.0002,1.0000,1.0002,1.0001,208454.97778192
1737792000,1.0001,1.0002,1.0000,1.0002,1.0001,306404.57575823
1737806400,1.0001,1.0003,1.0001,1.0002,1.0002,1262176.52187981
1737820800,1.0002,1.0005,1.0000,1.0001,1.0001,776812.14059248
1737835200,1.0001,1.0003,1.0000,1.0000,1.0002,958772.11488168
1737849600,1.0001,1.0003,1.0001,1.0001,1.0001,889463.22392492
1737864000,1.0002,1.0003,1.0001,1.0002,1.0001,258693.88953303
1737878400,1.0002,1.0004,1.0000,1.0001,1.0001,1043910.71837573
1737892800,1.0001,1.0002,1.0000,1.0001,1.0001,526347.55158243
1737907200,1.0001,1.0002,1.0000,1.0001,1.0001,208921.23462324
1737921600,1.0002,1.0004,1.0000,1.0004,1.0001,1480318.42942844
1737936000,1.0004,1.0007,1.0002,1.0004,1.0005,4751500.11806619
1737950400,1.0004,1.0008,1.0003,1.0004,1.0004,20641820.78296243
1737964800,1.0003,1.0006,1.0003,1.0004,1.0004,15746958.76901979
1737979200,1.0004,1.0006,0.9996,0.9999,1.0001,12587559.37184114
1737993600,0.9999,1.0006,0.9999,1.0005,1.0002,6203897.51076545
1738008000,1.0005,1.0006,1.0000,1.0001,1.0003,5181373.28719779
1738022400,1.0001,1.0003,0.9999,1.0001,1.0000,1346694.66106503
1738036800,1.0001,1.0001,0.9998,0.9999,0.9999,2540395.90951742
1738051200,0.9999,1.0001,0.9997,1.0000,0.9999,10017172.93002323
1738065600,1.0000,1.0002,0.9999,1.0000,1.0000,6012537.59804354
1738080000,1.0000,1.0003,0.9999,1.0002,1.0000,2344637.30865585
1738094400,1.0002,1.0007,1.0002,1.0006,1.0004,2061186.29371510
1738108800,1.0006,1.0006,1.0003,1.0003,1.0005,1178858.00020842
1738123200,1.0003,1.0004,1.0002,1.0003,1.0002,4729909.88442136
1738137600,1.0003,1.0006,1.0002,1.0005,1.0003,5066539.90255045
1738152000,1.0004,1.0005,1.0002,1.0003,1.0003,2582206.45019780
1738166400,1.0003,1.0005,0.9996,1.0001,1.0002,3587252.67501606
1738180800,1.0001,1.0002,0.9999,1.0000,1.0000,6542438.55575468
1738195200,1.0000,1.0001,0.9999,1.0000,1.0000,3070180.94054997
1738209600,1.0000,1.0001,0.9999,1.0000,0.9999,3907741.07030078
1738224000,1.0000,1.0002,0.9999,1.0001,1.0000,7665981.56510943
1738238400,1.0001,1.0002,0.9998,0.9999,1.0000,10413920.45660078
1738252800,0.9999,1.0001,0.9997,0.9999,0.9999,3120897.25002679
1738267200,0.9999,1.0000,0.9996,0.9999,0.9998,2582111.12197851
1738281600,0.9999,1.0001,0.9997,1.0000,0.9999,1407223.50502717
1738296000,1.0001,1.0001,0.9999,1.0000,1.0000,4694079.75724689
1738310400,1.0001,1.0002,0.9999,1.0000,1.0000,8174913.53415479
1738324800,1.0000,1.0001,0.9997,0.9999,0.9999,6104788.78506771
1738339200,0.9998,1.0005,0.9997,1.0005,1.0000,8358024.42913452
1738353600,1.0005,1.0006,1.0001,1.0003,1.0003,4242127.00941179
1738368000,1.0003,1.0004,1.0001,1.0002,1.0002,780580.61011236
1738382400,1.0001,1.0002,1.0001,1.0001,1.0001,2345886.37503593
1738396800,1.0001,1.0004,1.0001,1.0003,1.0002,1943988.74882570
1738411200,1.0004,1.0004,1.0000,1.0000,1.0002,2165271.12081037
1738425600,1.0001,1.0002,1.0000,1.0001,1.0001,2705486.90904233
1738440000,1.0001,1.0008,1.0000,1.0001,1.0003,3911815.73748198
1738454400,1.0001,1.0004,1.0000,1.0003,1.0000,2251331.75983176
1738468800,1.0002,1.0004,1.0000,1.0002,1.0001,5984347.77095501
1738483200,1.0002,1.0006,1.0001,1.0005,1.0002,4114551.69136708
1738497600,1.0005,1.0005,1.0002,1.0004,1.0003,8570231.76432726
1738512000,1.0003,1.0009,1.0001,1.0003,1.0003,12790985.91311098
1738526400,1.0004,1.0004,0.9999,1.0003,1.0001,9607933.06843828
1738540800,1.0002,1.0020,0.9991,0.9994,0.9999,12199705.06356448
1738555200,0.9993,0.9996,0.9990,0.9992,0.9992,7220325.72511454
1738569600,0.9992,0.9996,0.9988,0.9995,0.9992,17615650.69241962
1738584000,0.9995,1.0095,0.9980,0.9981,0.9993,17569632.19270488
1738598400,0.9982,0.9988,0.9979,0.9983,0.9983,11569561.28201455
1738612800,0.9982,0.9994,0.9979,0.9989,0.9987,6991494.41430900
1738627200,0.9989,0.9993,0.9987,0.9992,0.9990,1875959.97049373
1738641600,0.9992,0.9996,0.9955,0.9992,0.9990,13105793.14193630
1738656000,0.9992,0.9994,0.9970,0.9992,0.9991,13485861.74672154
1738670400,0.9992,0.9996,0.9982,0.9993,0.9991,12576365.79452286
1738684800,0.9993,0.9996,0.9991,0.9993,0.9993,4925637.71272290
1738699200,0.9994,0.9999,0.9994,0.9997,0.9996,2019618.17910801
1738713600,0.9997,0.9998,0.9995,0.9997,0.9996,1460295.99899816
1738728000,0.9997,0.9998,0.9994,0.9996,0.9996,8360929.35161358
1738742400,0.9996,1.0000,0.9994,0.9996,0.9995,10908837.62469725
1738756800,0.9996,0.9999,0.9995,0.9997,0.9996,10928175.92867672
1738771200,0.9997,1.0000,0.9996,0.9998,0.9998,4075731.87365695
1738785600,0.9998,1.0000,0.9997,0.9999,0.9998,3107471.39141238
1738800000,1.0000,1.0000,0.9998,0.9999,0.9999,1230795.37486751
1738814400,0.9999,1.0000,0.9996,0.9996,0.9997,9154544.33607240
1738828800,0.9996,0.9997,0.9995,0.9995,0.9996,3763793.48890371
1738843200,0.9995,0.9999,0.9995,0.9998,0.9996,3688246.45112926
1738857600,0.9998,1.0000,0.9995,0.9999,0.9997,2542912.32329201
1738872000,0.9998,1.0002,0.9998,0.9998,0.9999,1225405.75920281
1738886400,0.9999,1.0000,0.9998,0.9998,0.9999,748473.30437738
1738900800,0.9999,0.9999,0.9995,0.9997,0.9997,2290128.98898379
1738915200,0.9998,0.9998,0.9995,0.9997,0.9997,3719648.48335256
1738929600,0.9997,0.9998,0.9992,0.9995,0.9995,6468757.78130124
1738944000,0.9995,0.9998,0.9994,0.9998,0.9996,3507589.10103981
1738958400,0.9998,1.0000,0.9996,0.9998,0.9997,3153713.57839102
1738972800,0.9997,0.9998,0.9996,0.9997,0.9996,1714359.44471607
1738987200,0.9998,1.0000,0.9997,0.9999,0.9998,4817539.43158093
1739001600,0.9999,1.0001,0.9998,1.0000,0.9999,4377520.46968623
1739016000,1.0000,1.0002,0.9999,1.0001,1.0000,883537.56800555
1739030400,1.0001,1.0002,0.9999,0.9999,1.0000,826321.64645914
1739044800,0.9999,1.0000,0.9997,0.9998,0.9998,1943981.50164161
1739059200,0.9998,0.9999,0.9997,0.9998,0.9998,1628424.25019975
1739073600,0.9998,0.9999,0.9997,0.9997,0.9997,675620.81445086
1739088000,0.9997,1.0000,0.9996,0.9998,0.9997,4337238.49887535
1739102400,0.9997,0.9999,0.9997,0.9998,0.9997,3121004.16490556
1739116800,0.9998,0.9999,0.9997,0.9998,0.9997,1005992.91462398
1739131200,0.9999,0.9999,0.9997,0.9998,0.9998,2418145.83753015
1739145600,0.9998,0.9999,0.9996,0.9998,0.9997,682214.88887922
1739160000,0.9998,1.0000,0.9998,0.9998,0.9998,3797515.52231064
1739174400,0.9998,1.0000,0.9996,0.9998,0.9997,10652385.77376229
1739188800,0.9998,0.9999,0.9996,0.9997,0.9997,3223614.65471050
1739203200,0.9997,0.9999,0.9990,0.9998,0.9997,3394656.10593860
1739217600,0.9998,0.9999,0.9997,0.9998,0.9997,3049726.74626128
1739232000,0.9998,0.9999,0.9997,0.9998,0.9997,609301.94286279
1739246400,0.9998,0.9999,0.9997,0.9998,0.9998,1632487.01448381
1739260800,0.9997,0.9999,0.9997,0.9998,0.9998,1764087.34955315
1739275200,0.9998,1.0000,0.9997,0.9999,0.9998,1743648.55666686
1739289600,0.9999,1.0002,0.9999,1.0001,1.0000,2116849.66052997
1739304000,1.0001,1.0002,1.0000,1.0002,1.0000,417102.91830755
1739318400,1.0001,1.0003,1.0001,1.0002,1.0001,2839759.90557131
1739332800,1.0002,1.0003,1.0001,1.0002,1.0002,2884917.23421272
1739347200,1.0001,1.0007,0.9999,0.9999,0.9999,11295533.92333372
1739361600,0.9999,1.0003,0.9951,1.0001,0.9997,10491766.11828905
1739376000,1.0001,1.0001,0.9999,1.0001,1.0000,2374536.30458633
1739390400,1.0000,1.0001,0.9998,1.0000,0.9999,1906023.30305840
1739404800,1.0000,1.0001,0.9997,0.9998,0.9999,2118516.76789142
1739419200,0.9999,1.0000,0.9997,0.9999,0.9998,3784497.26054645
1739433600,0.9999,1.0000,0.9998,0.9999,0.9998,2999942.65070871
1739448000,0.9998,1.0093,0.9998,0.9998,1.0002,4131110.25944433
1739462400,0.9999,1.0000,0.9998,0.9999,0.9998,1120192.33163423
1739476800,0.9999,1.0000,0.9998,0.9998,0.9998,621278.63237941
1739491200,0.9999,0.9999,0.9997,0.9998,0.9998,2404695.62044297
1739505600,0.9998,1.0000,0.9997,0.9997,0.9998,4549220.02899554
1739520000,0.9998,0.9999,0.9896,0.9999,0.9985,7913298.90201486
1739534400,0.9999,0.9999,0.9997,0.9997,0.9998,4948087.36517804
1739548800,0.9997,0.9999,0.9994,0.9994,0.9996,3978496.56792293
1739563200,0.9994,0.9999,0.9994,0.9998,0.9997,1430165.54377290
1739577600,0.9998,0.9999,0.9998,0.9999,0.9998,1044651.09470817
1739592000,0.9998,0.9999,0.9998,0.9998,0.9998,361163.98862829
1739606400,0.9999,0.9999,0.9998,0.9999,0.9998,338846.90447189
1739620800,0.9998,1.0000,0.9998,0.9999,0.9998,980775.01704742
1739635200,0.9998,0.9999,0.9997,0.9998,0.9998,970239.76439094
1739649600,0.9999,0.9999,0.9997,0.9998,0.9998,854511.42613725
1739664000,0.9997,0.9999,0.9997,0.9998,0.9997,682590.19297175
1739678400,0.9999,0.9999,0.9998,0.9998,0.9998,528061.62630841
1739692800,0.9998,1.0000,0.9998,0.9999,0.9998,537837.75742455
1739707200,0.9999,1.0000,0.9998,0.9999,0.9999,1037797.18067609
1739721600,0.9999,1.0000,0.9998,1.0000,0.9999,2036969.63321090
1739736000,0.9999,1.0000,0.9997,0.9999,0.9998,4192048.72561646
1739750400,0.9999,1.0000,0.9998,0.9999,0.9998,456987.23210673
1739764800,0.9999,1.0000,0.9998,1.0000,0.9998,1827629.44191902
1739779200,1.0000,1.0000,0.9996,1.0000,0.9999,5454700.75531019
1739793600,1.0000,1.0000,0.9998,0.9999,0.9999,6089947.91639553
1739808000,0.9999,1.0000,0.9998,0.9999,0.9998,3909339.41424873
1739822400,0.9999,1.0000,0.9998,1.0000,0.9998,2236790.57654556
1739836800,1.0000,1.0003,0.9999,0.9999,0.9999,4988195.23869560
1739851200,0.9998,1.0002,0.9998,1.0000,0.9999,5292418.86779538
1739865600,1.0001,1.0003,0.9999,1.0001,1.0000,6366536.61223524
1739880000,1.0001,1.0002,1.0000,1.0001,1.0001,4385728.85929050
1739894400,1.0001,1.0005,0.9999,1.0005,1.0002,10504333.51632880
1739908800,1.0005,1.0006,1.0003,1.0005,1.0004,1484383.97166836
1739923200,1.0005,1.0005,1.0003,1.0003,1.0003,1406974.70419761
1739937600,1.0003,1.0004,1.0001,1.0001,1.0002,3421098.86613748
1739952000,1.0001,1.0003,1.0000,1.0001,1.0001,8126515.19954212
1739966400,1.0002,1.0003,0.9950,1.0000,0.9996,9732439.42551592
1739980800,1.0001,1.0002,0.9998,1.0001,1.0000,4626742.95665630
1739995200,1.0001,1.0002,1.0000,1.0001,1.0001,2568211.85336057
1740009600,1.0000,1.0001,0.9999,1.0000,1.0000,2817092.00089763
1740024000,1.0001,1.0001,0.9999,1.0000,1.0000,2319820.68110173
1740038400,1.0000,1.0000,0.9998,0.9998,0.9999,916195.79027441
1740052800,0.9999,1.0000,0.9996,0.9998,0.9998,5186521.40551055
1740067200,0.9998,0.9998,0.9996,0.9996,0.9997,1904341.32835865
1740081600,0.9996,0.9997,0.9993,0.9996,0.9995,1152278.00106768
1740096000,0.9996,0.9998,0.9996,0.9998,0.9997,1819945.41045606
1740110400,0.9998,0.9998,0.9996,0.9997,0.9997,3134456.31992365
1740124800,0.9997,0.9998,0.9995,0.9997,0.9996,1178920.28784605
1740139200,0.9997,1.0000,0.9950,0.9996,0.9994,10348281.75259296
1740153600,0.9997,1.0002,0.9996,1.0001,0.9999,7574614.96204312
1740168000,1.0002,1.0009,1.0002,1.0004,1.0006,3101398.02290302
1740182400,1.0004,1.0004,1.0000,1.0001,1.0001,468367.96250263
1740196800,1.0000,1.0001,1.0000,1.0000,1.0000,486188.41100496
1740211200,1.0001,1.0003,1.0001,1.0002,1.0001,1083010.50913258
1740225600,1.0002,1.0002,0.9999,1.0000,1.0000,1062618.32859300
1740240000,1.0000,1.0001,0.9999,1.0001,1.0000,1537459.59157538
1740254400,1.0000,1.0001,0.9999,1.0000,0.9999,1658710.36450071
1740268800,0.9999,0.9999,0.9997,0.9998,0.9998,363252.27976027
1740283200,0.9998,0.9999,0.9997,0.9998,0.9997,464536.97485682
1740297600,0.9998,0.9999,0.9997,0.9998,0.9997,290663.23137762
1740312000,0.9998,1.0000,0.9998,0.9999,0.9998,1107550.48302464
1740326400,0.9998,0.9999,0.9998,0.9998,0.9998,799375.03225372
1740340800,0.9998,1.0000,0.9998,0.9999,0.9998,537733.61311328
1740355200,0.9999,1.0000,0.9997,1.0000,0.9998,3903874.96816509
1740369600,1.0001,1.0001,0.9997,0.9998,0.9999,2229819.31587175
1740384000,0.9998,0.9999,0.9996,0.9998,0.9998,1491200.97629023
1740398400,0.9998,1.0000,0.9998,1.0000,0.9998,8748422.46392257
1740412800,1.0000,1.0001,0.9998,0.9999,0.9999,4519093.50120244
1740427200,0.9999,1.0004,0.9998,1.0001,1.0001,5561578.68722458
1740441600,1.0000,1.0002,1.0000,1.0001,1.0000,1315196.08698917
1740456000,1.0000,1.0002,0.9998,0.9999,1.0000,7740172.06114519
1740470400,0.9999,1.0006,0.9999,1.0005,1.0003,4231353.90781375
1740484800,1.0004,1.0012,1.0001,1.0010,1.0004,11851536.16838916
1740499200,1.0010,1.0015,1.0008,1.0012,1.0010,2469678.16222059
1740513600,1.0011,1.0012,1.0008,1.0012,1.0010,2644156.66601173
1740528000,1.0012,1.0014,1.0010,1.0011,1.0011,3055438.56520037
1740542400,1.0011,1.0013,1.0007,1.0007,1.0010,2968148.22055337
1740556800,1.0008,1.0059,1.0003,1.0007,1.0008,8289208.10275321
1740571200,1.0007,1.0012,1.0001,1.0010,1.0009,12129061.88122659
1740585600,1.0011,1.0012,1.0005,1.0010,1.0009,11354865.45673572
1740600000,1.0011,1.0016,1.0010,1.0014,1.0013,6314852.74265734
1740614400,1.0014,1.0014,1.0010,1.0011,1.0012,1290115.05873692
1740628800,1.0011,1.0012,1.0006,1.0007,1.0009,2283036.64710043
1740643200,1.0007,1.0009,1.0005,1.0008,1.0007,4039756.77444786
1740657600,1.0007,1.0010,1.0004,1.0005,1.0007,5525053.53754662
1740672000,1.0005,1.0022,1.0005,1.0012,1.0010,4819554.81672689
1740686400,1.0013,1.0014,1.0007,1.0008,1.0011,3350191.60774180
1740700800,1.0008,1.0011,1.0006,1.0010,1.0008,5244357.54715188
1740715200,1.0010,1.0011,1.0008,1.0011,1.0009,6667420.95171321
1740729600,1.0011,1.0013,1.0004,1.0007,1.0007,4716864.91288693
1740744000,1.0007,1.0008,1.0000,1.0001,1.0006,12420984.73343619
1740758400,1.0001,1.0002,0.9999,1.0002,1.0000,1882998.44652343
1740772800,1.0002,1.0006,1.0001,1.0003,1.0003,2572390.49557525
1740787200,1.0003,1.0005,1.0002,1.0003,1.0003,2364639.59678833
1740801600,1.0002,1.0004,1.0001,1.0004,1.0001,871084.63377321
1740816000,1.0003,1.0004,1.0001,1.0003,1.0002,238768.80770901
1740830400,1.0003,1.0005,1.0002,1.0004,1.0003,333177.01645980
1740844800,1.0003,1.0005,1.0002,1.0005,1.0003,740771.13274408
1740859200,1.0004,1.0005,1.0002,1.0002,1.0003,713031.87054853
1740873600,1.0002,1.0005,1.0002,1.0003,1.0003,1418701.70204344
1740888000,1.0003,1.0005,1.0003,1.0003,1.0003,658402.04906410
1740902400,1.0004,1.0005,1.0002,1.0004,1.0003,2473847.94009676
1740916800,1.0004,1.0005,1.0001,1.0001,1.0003,3704305.20989729
1740931200,1.0002,1.0003,0.9993,1.0000,0.9999,10622246.80450318
1740945600,1.0001,1.0001,0.9998,0.9999,1.0000,1095052.51635939
1740960000,0.9999,1.0003,0.9999,1.0003,1.0001,4566570.10109187
1740974400,1.0002,1.0003,1.0002,1.0002,1.0002,6676394.39145667
1740988800,1.0003,1.0004,1.0001,1.0003,1.0002,5717519.67211181
1741003200,1.0003,1.0006,1.0000,1.0006,1.0002,7134073.97098255
1741017600,1.0006,1.0008,1.0000,1.0007,1.0003,5004934.24166217
1741032000,1.0006,1.0009,1.0004,1.0007,1.0006,1751129.13840431
1741046400,1.0006,1.0007,1.0004,1.0004,1.0005,4226271.28928454
1741060800,1.0005,1.0006,1.0004,1.0006,1.0005,4116852.83230116
1741075200,1.0006,1.0007,1.0003,1.0004,1.0004,3535326.30129341
1741089600,1.0004,1.0009,1.0004,1.0006,1.0005,6055514.49263819
1741104000,1.0006,1.0007,1.0000,1.0002,1.0002,5457876.86517749
1741118400,1.0001,1.0003,0.9999,1.0001,1.0000,2668252.04892806
1741132800,1.0001,1.0003,1.0000,1.0003,1.0002,2571988.13125445
1741147200,1.0003,1.0003,1.0000,1.0001,1.0000,1151921.33271970
1741161600,1.0001,1.0002,0.9999,1.0000,0.9999,6447068.43469632
1741176000,1.0000,1.0001,0.9998,1.0000,0.9999,5483087.53653995
1741190400,1.0000,1.0002,0.9999,1.0001,1.0000,3192704.79032794
1741204800,1.0001,1.0001,0.9998,0.9999,0.9999,694930.52151794
1741219200,1.0000,1.0000,0.9999,1.0000,0.9999,1023518.59877223
1741233600,0.9999,1.0000,0.9998,1.0000,0.9999,1049552.45361740
1741248000,1.0000,1.0001,0.9998,1.0000,0.9999,4439583.20652754
1741262400,1.0000,1.0003,0.9999,1.0000,1.0000,3800699.87139048
1741276800,1.0000,1.0001,0.9999,1.0000,1.0000,1517517.78219453
1741291200,0.9999,1.0000,0.9998,0.9999,0.9999,2920933.48169487
1741305600,1.0000,1.0000,0.9997,0.9999,0.9998,985904.62061488
1741320000,0.9999,1.0003,0.9998,0.9998,1.0000,3717519.92073961
1741334400,0.9999,1.0000,0.9998,0.9999,0.9998,3204692.69937060
1741348800,0.9999,1.0005,0.9997,0.9998,0.9998,4753746.51301420
1741363200,0.9998,1.0003,0.9998,1.0001,1.0000,4883238.06466593
1741377600,1.0001,1.0003,1.0001,1.0003,1.0002,2708131.90813892
1741392000,1.0003,1.0003,1.0001,1.0002,1.0002,775814.74586235
1741406400,1.0003,1.0003,1.0000,1.0001,1.0001,407305.56546650
1741420800,1.0001,1.0002,1.0000,1.0002,1.0000,2036619.43734289
1741435200,1.0002,1.0003,1.0001,1.0002,1.0002,3674458.47187558
1741449600,1.0003,1.0003,1.0002,1.0002,1.0002,584222.22962630
1741464000,1.0003,1.0003,1.0001,1.0001,1.0002,126784.51377786
1741478400,1.0001,1.0002,1.0001,1.0001,1.0001,74316.44555385
1741492800,1.0001,1.0002,1.0001,1.0001,1.0001,1096170.19779367
1741507200,1.0001,1.0003,1.0000,1.0001,1.0001,2904119.99726567
1741521600,1.0001,1.0002,1.0000,1.0001,1.0000,1103220.29684747
1741536000,1.0000,1.0003,1.0000,1.0001,1.0001,1594614.71632921
1741550400,1.0001,1.0002,0.9999,1.0002,1.0000,1957537.67118839
1741564800,1.0001,1.0002,0.9998,1.0000,1.0000,3885694.18463265
1741579200,1.0001,1.0001,0.9999,0.9999,0.9999,2382673.73666004
1741593600,1.0000,1.0001,0.9997,0.9998,0.9998,8577713.74049180
1741608000,0.9999,1.0007,0.9998,1.0002,0.9999,4203480.42960161
1741622400,1.0003,1.0007,1.0002,1.0007,1.0005,2345401.03212707
1741636800,1.0006,1.0007,1.0003,1.0004,1.0004,3168292.52337684
1741651200,1.0003,1.0005,1.0002,1.0003,1.0003,5641334.86872857
1741665600,1.0003,1.0004,1.0001,1.0002,1.0001,2924150.17644034
1741680000,1.0001,1.0002,1.0000,1.0000,1.0001,3288295.77094563
1741694400,1.0000,1.0003,0.9999,1.0002,1.0001,3817141.47288246
1741708800,1.0002,1.0003,1.0000,1.0002,1.0001,4394432.70319523
1741723200,1.0003,1.0003,1.0000,1.0001,1.0001,1394645.19835139
1741737600,1.0002,1.0003,1.0000,1.0002,1.0001,1708827.95298126
1741752000,1.0001,1.0003,1.0001,1.0003,1.0002,1009462.63304755
1741766400,1.0003,1.0041,0.9999,1.0001,1.0003,3642463.19030060
1741780800,1.0001,1.0003,1.0000,1.0001,1.0001,2632564.03479751
1741795200,1.0001,1.0002,1.0000,1.0001,1.0000,3203721.63379400
1741809600,1.0000,1.0002,1.0000,1.0001,1.0000,1945504.76820594
1741824000,1.0001,1.0002,1.0000,1.0001,1.0001,3670740.62755083
1741838400,1.0002,1.0002,0.9998,0.9999,1.0000,4001102.67802119
1741852800,0.9999,1.0002,0.9998,1.0002,1.0000,3655684.44232532
1741867200,1.0002,1.0002,1.0000,1.0001,1.0001,2478299.67809209
1741881600,1.0001,1.0005,1.0000,1.0004,1.0002,7681896.95505211
1741896000,1.0004,1.0004,1.0003,1.0003,1.0003,5212467.37100100
1741910400,1.0003,1.0004,1.0001,1.0002,1.0002,6510764.31613616
1741924800,1.0002,1.0002,1.0000,1.0001,1.0001,3493517.40499809
1741939200,1.0000,1.0015,0.9999,1.0001,1.0001,4392377.00871643
1741953600,1.0001,1.0001,0.9998,0.9999,0.9999,4781244.90673536
1741968000,0.9999,1.0000,0.9997,0.9998,0.9999,7293104.20237017
1741982400,0.9998,0.9999,0.9997,0.9999,0.9997,892528.79434717
1741996800,0.9999,0.9999,0.9997,0.9999,0.9998,2578774.73565250
1742011200,0.9999,0.9999,0.9998,0.9999,0.9998,3379453.32151447
1742025600,0.9999,1.0000,0.9997,0.9999,0.9998,1316173.91543436
1742040000,0.9998,1.0000,0.9997,1.0000,0.9998,2364070.55324562
1742054400,1.0000,1.0000,0.9998,0.9999,0.9999,2748581.85113117
1742068800,0.9999,0.9999,0.9998,0.9998,0.9998,3977859.73825972
1742083200,0.9998,0.9999,0.9997,0.9998,0.9998,4735030.41820225
1742097600,0.9998,0.9999,0.9998,0.9999,0.9998,1551599.81535466
1742112000,0.9999,1.0000,0.9998,0.9999,0.9999,6563835.82557703
1742126400,0.9999,1.0000,0.9998,0.9999,0.9999,5406304.50971028
1742140800,1.0000,1.0001,0.9998,0.9999,0.9999,8089824.76180154
1742155200,0.9999,1.0001,0.9999,0.9999,0.9999,642609.54937061
1742169600,1.0000,1.0001,0.9999,1.0000,0.9999,7860193.58045021
1742184000,1.0000,1.0001,0.9999,1.0001,1.0000,9165148.70724386
1742198400,1.0001,1.0001,0.9999,1.0000,1.0000,4124015.99499599
1742212800,1.0000,1.0001,0.9999,1.0000,1.0000,10143868.89153547
1742227200,0.9999,1.0001,0.9999,1.0000,1.0000,6968306.52848683
1742241600,1.0000,1.0000,0.9999,1.0000,0.9999,3630916.61139804
1742256000,1.0000,1.0001,0.9999,1.0000,0.9999,2636244.52009068
1742270400,1.0001,1.0001,0.9999,1.0000,0.9999,5133303.24601621
1742284800,1.0000,1.0000,0.9998,1.0000,0.9999,3815318.78170122
1742299200,0.9999,1.0001,0.9999,1.0001,1.0000,2547788.81653141
1742313600,1.0001,1.0002,0.9999,1.0001,1.0000,4801446.28443792
1742328000,1.0002,1.0002,1.0000,1.0000,1.0001,565320.61795613
1742342400,1.0001,1.0001,0.9999,1.0000,0.9999,2873436.59182406
1742356800,1.0000,1.0001,0.9998,0.9999,0.9999,4596115.90802071
1742371200,0.9999,1.0001,0.9998,1.0000,0.9999,8685033.15841828
1742385600,1.0000,1.0000,0.9998,0.9998,0.9998,6408662.81207345
1742400000,0.9998,1.0001,0.9997,0.9997,0.9998,4375789.50581532
1742414400,0.9997,0.9998,0.9996,0.9997,0.9997,4930082.62684982
1742428800,0.9997,0.9998,0.9996,0.9998,0.9997,5114751.13846172
1742443200,0.9998,0.9999,0.9997,0.9999,0.9998,2630066.72024297
1742457600,0.9998,1.0006,0.9997,1.0004,1.0002,12740477.41457737
1742472000,1.0003,1.0004,1.0001,1.0003,1.0003,13600604.00459180
1742486400,1.0003,1.0006,1.0002,1.0003,1.0004,5746913.50964607
1742500800,1.0004,1.0005,1.0002,1.0005,1.0004,4440370.39487952
1742515200,1.0005,1.0006,1.0003,1.0004,1.0004,9409534.27625510
1742529600,1.0004,1.0005,1.0002,1.0005,1.0003,6809482.27869750
1742544000,1.0005,1.0005,1.0003,1.0003,1.0004,1716450.17335173
1742558400,1.0004,1.0005,1.0003,1.0005,1.0004,4736042.00856001
1742572800,1.0004,1.0005,1.0003,1.0004,1.0004,6244638.38342270
1742587200,1.0003,1.0004,1.0002,1.0002,1.0003,4005038.85538332
1742601600,1.0003,1.0004,1.0002,1.0003,1.0002,1316253.44886036
1742616000,1.0003,1.0004,1.0002,1.0003,1.0003,2362302.40197643
1742630400,1.0004,1.0004,1.0002,1.0004,1.0003,3725293.44225796
1742644800,1.0004,1.0004,1.0000,1.0001,1.0002,5156386.02201355
1742659200,1.0001,1.0002,1.0000,1.0001,1.0001,3433739.35596195
1742673600,1.0001,1.0002,0.9999,1.0001,1.0001,4743067.21793994
1742688000,1.0001,1.0001,0.9999,1.0001,1.0000,1988730.40520734
1742702400,1.0001,1.0001,1.0000,1.0001,1.0000,932200.53971199
1742716800,1.0001,1.0003,1.0000,1.0002,1.0001,934364.38140090
1742731200,1.0002,1.0002,1.0000,1.0001,1.0001,2073594.98016996
1742745600,1.0001,1.0001,0.9999,1.0001,1.0000,2292098.58808477
1742760000,1.0001,1.0001,0.9998,1.0000,0.9999,1890695.70516313
1742774400,1.0000,1.0001,0.9997,1.0000,0.9999,4163029.60037109
1742788800,1.0000,1.0000,0.9998,0.9999,0.9998,5697173.84026516
1742803200,0.9999,1.0000,0.9997,0.9999,0.9999,6034423.38532506
1742817600,0.9999,1.0049,0.9996,0.9999,1.0001,10621030.24427791
1742832000,0.9999,1.0089,0.9997,0.9997,1.0004,8070096.88867672
1742846400,0.9997,0.9998,0.9996,0.9997,0.9997,3367889.89044772
1742860800,0.9998,0.9998,0.9997,0.9998,0.9997,3955006.13443694
1742875200,0.9998,0.9999,0.9997,0.9999,0.9998,3960033.30289265
1742889600,0.9999,0.9999,0.9995,0.9999,0.9997,8308601.13243587
1742904000,0.9998,0.9999,0.9997,0.9997,0.9998,7063354.78038399
1742918400,0.9997,0.9998,0.9996,0.9998,0.9997,2574841.73479392
1742932800,0.9998,0.9998,0.9995,0.9998,0.9997,1523340.95186774
1742947200,0.9998,0.9998,0.9996,0.9997,0.9997,324568.49352843
1742961600,0.9997,0.9998,0.9996,0.9998,0.9997,1200098.41088669
1742976000,0.9998,1.0002,0.9997,0.9997,0.9997,5892950.97425543
1742990400,0.9997,0.9999,0.9996,0.9998,0.9997,5318017.29788226
1743004800,0.9998,1.0000,0.9997,0.9999,0.9998,5899021.45495173
1743019200,0.9998,1.0000,0.9996,0.9998,0.9998,4891442.73242071
1743033600,0.9998,0.9999,0.9996,0.9997,0.9997,5420016.92862574
1743048000,0.9997,0.9998,0.9996,0.9996,0.9997,3749992.10215286
1743062400,0.9997,0.9999,0.9997,0.9999,0.9998,16579354.48215984
1743076800,0.9998,1.0003,0.9997,1.0002,1.0000,12680815.84226118
1743091200,1.0001,1.0002,0.9995,1.0001,1.0000,2538882.65910305
1743105600,1.0001,1.0002,0.9999,1.0002,1.0001,2712269.67853796
1743120000,1.0002,1.0004,0.9985,1.0002,1.0001,5413659.77265256
1743134400,1.0002,1.0003,1.0000,1.0003,1.0002,4380516.61262322
1743148800,1.0003,1.0004,1.0000,1.0003,1.0002,7755621.41530102
1743163200,1.0002,1.0011,1.0001,1.0005,1.0003,5626400.16706327
1743177600,1.0004,1.0009,1.0004,1.0007,1.0006,3780840.01405194
1743192000,1.0006,1.0008,1.0004,1.0004,1.0005,801795.37050589
1743206400,1.0004,1.0005,1.0003,1.0003,1.0004,252440.10300077
1743220800,1.0003,1.0004,1.0003,1.0004,1.0003,266475.81547299
1743235200,1.0004,1.0005,1.0003,1.0004,1.0004,401022.21388413
1743249600,1.0004,1.0005,1.0003,1.0003,1.0004,1018665.34651364
1743264000,1.0003,1.0008,1.0003,1.0003,1.0005,2602357.09551397
1743278400,1.0004,1.0004,1.0003,1.0004,1.0003,458726.21435741
1743292800,1.0004,1.0004,1.0002,1.0002,1.0002,627724.84058307
1743307200,1.0002,1.0003,1.0002,1.0003,1.0002,539607.16020519
1743321600,1.0002,1.0004,1.0002,1.0003,1.0002,174939.43013350
1743336000,1.0002,1.0004,1.0002,1.0002,1.0002,556896.52507739
1743350400,1.0002,1.0004,1.0002,1.0003,1.0003,309867.04924013
1743364800,1.0004,1.0004,1.0001,1.0001,1.0002,2137423.02361791
1743379200,1.0001,1.0001,0.9999,1.0000,1.0000,2492580.19490221
1743393600,1.0002,1.0002,0.9999,1.0001,1.0000,1566166.73557372
1743408000,1.0000,1.0002,1.0000,1.0001,1.0001,15552323.16313500
1743422400,1.0002,1.0002,0.9999,1.0000,1.0000,4195061.39751993
1743436800,1.0000,1.0002,0.9999,1.0002,1.0000,1855377.42899699
1743451200,1.0001,1.0003,1.0000,1.0001,1.0001,3035585.56682658
1743465600,1.0001,1.0002,1.0001,1.0001,1.0001,267901.54933237
1743480000,1.0001,1.0002,1.0001,1.0002,1.0001,3130340.30867887
1743494400,1.0001,1.0002,1.0000,1.0000,1.0001,4510614.64044291
1743508800,1.0001,1.0004,1.0000,1.0000,1.0001,6145562.77082115
1743523200,1.0000,1.0002,1.0000,1.0001,1.0000,992597.43889306
1743537600,1.0001,1.0001,0.9999,1.0000,1.0000,3785943.71516775
1743552000,1.0000,1.0001,0.9999,1.0001,1.0000,1061161.23799675
1743566400,1.0001,1.0001,0.9999,0.9999,1.0000,1012403.31708856
1743580800,0.9999,1.0001,0.9999,1.0001,1.0000,7665205.22845741
1743595200,1.0000,1.0001,0.9999,1.0000,1.0000,15262934.47825284
1743609600,1.0000,1.0001,0.9999,0.9999,0.9999,2119841.48329249
1743624000,0.9999,1.0112,0.9999,1.0002,1.0009,10130883.99499463
1743638400,1.0002,1.0003,0.9999,1.0000,1.0000,1219782.84827134
1743652800,1.0000,1.0001,1.0000,1.0001,1.0000,3448205.37758045
1743667200,1.0000,1.0050,0.9999,1.0002,1.0003,6943240.34042314
1743681600,1.0002,1.0005,1.0001,1.0003,1.0002,4083059.81142024
1743696000,1.0002,1.0017,0.9999,1.0005,1.0002,6339087.60781446
1743710400,1.0004,1.0006,1.0003,1.0003,1.0004,903482.73596032
1743724800,1.0003,1.0005,1.0002,1.0002,1.0003,907977.31324392
1743739200,1.0003,1.0004,1.0002,1.0002,1.0003,2322201.31209050
1743753600,1.0002,1.0003,1.0000,1.0001,1.0001,5098486.20689964
1743768000,1.0001,1.0005,1.0000,1.0004,1.0003,2436970.25221578
1743782400,1.0003,1.0006,1.0003,1.0003,1.0004,3739306.45213060
1743796800,1.0003,1.0004,1.0003,1.0003,1.0003,602198.41501443
1743811200,1.0003,1.0004,1.0003,1.0003,1.0003,673434.32873186
1743825600,1.0004,1.0004,1.0002,1.0002,1.0002,568290.47232663
1743840000,1.0003,1.0004,1.0002,1.0003,1.0002,216789.15610488
1743854400,1.0004,1.0004,1.0002,1.0004,1.0003,1239079.49079406
1743868800,1.0003,1.0004,1.0003,1.0004,1.0003,398482.82213715
1743883200,1.0003,1.0004,1.0003,1.0004,1.0003,136731.62071176
1743897600,1.0004,1.0004,1.0003,1.0003,1.0003,491483.59308881
1743912000,1.0004,1.0004,1.0003,1.0004,1.0003,320033.10224621
1743926400,1.0003,1.0006,1.0003,1.0004,1.0004,315321.99334408
1743940800,1.0004,1.0005,1.0003,1.0003,1.0004,1136715.21258177
1743955200,1.0004,1.0008,1.0002,1.0004,1.0005,5603508.80538357
1743969600,1.0004,1.0011,1.0002,1.0007,1.0006,7949080.72448070
1743984000,1.0006,1.0008,1.0005,1.0006,1.0006,3788753.03567570
1743998400,1.0007,1.0012,1.0005,1.0009,1.0009,7769883.18848268
1744012800,1.0010,1.0011,1.0004,1.0004,1.0007,8568135.07399054
1744027200,1.0005,1.0007,1.0004,1.0005,1.0004,6057286.44452865
1744041600,1.0004,1.0005,1.0003,1.0005,1.0004,1168059.00657664
1744056000,1.0004,1.0006,1.0003,1.0005,1.0003,2017863.14935110
1744070400,1.0005,1.0005,1.0003,1.0004,1.0004,1624141.85083476
1744084800,1.0004,1.0004,1.0003,1.0004,1.0003,3748221.33189645
1744099200,1.0003,1.0004,1.0002,1.0002,1.0003,3704053.91803332
1744113600,1.0002,1.0004,1.0002,1.0003,1.0002,3196328.79421126
1744128000,1.0003,1.0012,1.0003,1.0011,1.0006,2496628.98813348
1744142400,1.0012,1.0013,1.0007,1.0009,1.0009,1848701.57501421
1744156800,1.0009,1.0010,1.0007,1.0007,1.0008,1705206.30117440
1744171200,1.0007,1.0009,1.0003,1.0004,1.0006,1104917.40155433
1744185600,1.0005,1.0007,1.0004,1.0005,1.0005,6773974.30824079
1744200000,1.0005,1.0009,1.0005,1.0007,1.0006,3170356.68265529
1744214400,1.0007,1.0008,1.0002,1.0003,1.0004,3577249.55046755
1744228800,1.0004,1.0005,1.0001,1.0002,1.0002,5224854.46192482
1744243200,1.0002,1.0004,1.0002,1.0003,1.0003,784172.22431349
1744257600,1.0003,1.0004,1.0002,1.0002,1.0003,1591287.87268410
1744272000,1.0003,1.0008,1.0002,1.0006,1.0004,2837391.16454260
1744286400,1.0006,1.0008,1.0003,1.0005,1.0005,3937598.87840282
1744300800,1.0006,1.0007,1.0005,1.0006,1.0005,2165587.58029899
1744315200,1.0006,1.0007,1.0004,1.0006,1.0004,1409014.42105205
1744329600,1.0007,1.0008,1.0005,1.0006,1.0006,950436.15157481
1744344000,1.0006,1.0008,1.0005,1.0005,1.0006,678858.39922181
1744358400,1.0005,1.0007,1.0004,1.0005,1.0005,3490854.55304016
1744372800,1.0005,1.0006,1.0002,1.0004,1.0004,1710660.65058628
1744387200,1.0004,1.0006,1.0003,1.0004,1.0004,3179715.83780012
1744401600,1.0003,1.0005,1.0002,1.0005,1.0003,1000501.83582764
1744416000,1.0005,1.0005,1.0003,1.0004,1.0004,602810.96675332
1744430400,1.0005,1.0005,1.0003,1.0005,1.0004,701594.07104321
1744444800,1.0004,1.0005,1.0003,1.0003,1.0003,638144.66576412
1744459200,1.0003,1.0005,1.0002,1.0003,1.0003,1456875.45751794
1744473600,1.0002,1.0004,1.0001,1.0001,1.0001,750015.22398623
1744488000,1.0001,1.0002,1.0001,1.0001,1.0001,388091.83726090
1744502400,1.0002,1.0003,1.0001,1.0003,1.0001,437507.35148230
1744516800,1.0002,1.0003,1.0001,1.0001,1.0002,337042.24204358
1744531200,1.0001,1.0003,1.0001,1.0001,1.0002,1210511.42433153
1744545600,1.0002,1.0004,1.0001,1.0004,1.0002,504348.26806097
1744560000,1.0004,1.0004,1.0001,1.0002,1.0002,1601198.35371697
1744574400,1.0002,1.0003,1.0000,1.0002,1.0002,524414.38938940
1744588800,1.0003,1.0004,1.0002,1.0003,1.0003,898600.81914251
1744603200,1.0002,1.0004,1.0001,1.0002,1.0002,506865.27438582
1744617600,1.0002,1.0003,1.0001,1.0001,1.0002,3179249.29944533
1744632000,1.0002,1.0002,1.0000,1.0000,1.0001,1655947.85837109
1744646400,1.0000,1.0001,1.0000,1.0000,1.0000,2742076.29299095
1744660800,1.0000,1.0001,1.0000,1.0001,1.0000,1725527.77580836
1744675200,1.0000,1.0002,1.0000,1.0001,1.0000,176757.90354552
1744689600,1.0001,1.0009,1.0000,1.0001,1.0001,3178362.17921272
1744704000,1.0001,1.0004,1.0000,1.0000,1.0000,7837597.76719156
1744718400,1.0000,1.0001,0.9999,0.9999,1.0000,2857364.11997645
1744732800,1.0001,1.0001,0.9999,1.0000,1.0000,1082020.35529298
1744747200,0.9999,1.0001,0.9998,1.0001,0.9999,1061870.48258303
1744761600,1.0000,1.0002,1.0000,1.0000,1.0000,658283.88342778
1744776000,1.0000,1.0002,1.0000,1.0001,1.0000,196353.44217513
1744790400,1.0001,1.0001,1.0000,1.0000,1.0000,5157218.21578710
1744804800,1.0001,1.0001,0.9999,1.0000,1.0000,1687455.30212319
1744819200,1.0000,1.0001,0.9999,0.9999,1.0000,1610886.91508366
1744833600,1.0000,1.0000,0.9999,0.9999,0.9999,455599.39581833
1744848000,0.9999,1.0000,0.9999,1.0000,0.9999,293651.17266550
1744862400,1.0000,1.0001,0.9999,1.0000,0.9999,1348656.44006791
1744876800,1.0000,1.0004,0.9999,1.0002,1.0001,5373664.57273086
1744891200,1.0002,1.0004,1.0000,1.0000,1.0002,11621249.91039808
1744905600,1.0001,1.0002,0.9999,0.9999,0.9999,1900447.93756104
1744920000,0.9999,1.0000,0.9999,0.9999,0.9999,1674729.14249516
1744934400,1.0000,1.0000,0.9999,1.0000,0.9999,258743.03073618
1744948800,1.0000,1.0001,0.9999,1.0000,1.0000,1901268.52252884
1744963200,1.0001,1.0002,1.0000,1.0001,1.0000,839367.33819834
1744977600,1.0001,1.0002,1.0000,1.0000,1.0000,479079.69093965
1744992000,1.0001,1.0002,1.0000,1.0000,1.0000,412356.64999584
1745006400,1.0001,1.0001,1.0000,1.0001,1.0000,251634.36358942
1745020800,1.0000,1.0001,1.0000,1.0000,1.0000,1136069.58890268
1745035200,1.0001,1.0001,1.0000,1.0001,1.0000,129049.27715334
1745049600,1.0001,1.0001,1.0000,1.0000,1.0000,321292.95474653
1745064000,1.0000,1.0001,1.0000,1.0001,1.0000,706671.06919935
1745078400,1.0001,1.0002,1.0000,1.0000,1.0000,106336.27832380
1745092800,1.0000,1.0001,1.0000,1.0000,1.0000,142508.14866469
1745107200,1.0001,1.0001,1.0000,1.0001,1.0000,31865.25802347
1745121600,1.0000,1.0001,1.0000,1.0000,1.0000,407417.29711129
1745136000,1.0000,1.0001,0.9999,0.9999,0.9999,519703.12433612
1745150400,0.9999,1.0000,0.9999,0.9999,0.9999,1998021.09966759
1745164800,0.9999,1.0000,0.9998,0.9999,0.9999,53282.99636040
1745179200,0.9999,1.0001,0.9999,1.0000,0.9999,429707.10113641
1745193600,1.0000,1.0002,0.9999,0.9999,0.9999,448308.05789733
1745208000,1.0000,1.0001,0.9999,1.0000,0.9999,349853.89384547
1745222400,0.9999,1.0001,0.9999,0.9999,0.9999,1785984.83922787
1745236800,1.0000,1.0000,0.9995,0.9996,0.9999,1638591.29619096
1745251200,0.9996,0.9999,0.9996,0.9998,0.9998,2383184.57753069
1745265600,0.9999,1.0000,0.9998,1.0000,0.9998,237344.07858484
1745280000,0.9999,1.0000,0.9998,0.9999,0.9999,248338.37930277
1745294400,0.9999,1.0001,0.9998,1.0001,1.0000,471069.47137352
1745308800,1.0001,1.0001,0.9999,1.0000,1.0000,2230007.24373086
1745323200,1.0000,1.0000,0.9991,0.9991,0.9996,3630646.73405076
1745337600,0.9992,0.9995,0.9983,0.9994,0.9992,3615988.20190169
1745352000,0.9994,0.9997,0.9993,0.9996,0.9995,1990564.04198517
1745366400,0.9995,0.9997,0.9993,0.9996,0.9994,291069.51639829
1745380800,0.9996,0.9998,0.9995,0.9997,0.9996,1679193.18488146
1745395200,0.9997,0.9999,0.9996,0.9997,0.9997,3646421.97118256
1745409600,0.9998,1.0000,0.9996,0.9998,0.9997,3288756.91794797
1745424000,0.9998,1.0000,0.9996,0.9996,0.9998,2629663.20940173
1745438400,0.9996,0.9997,0.9995,0.9996,0.9996,701960.19997248
1745452800,0.9995,0.9998,0.9995,0.9997,0.9996,609202.26165529
1745467200,0.9998,0.9999,0.9996,0.9999,0.9997,1570980.10145710
1745481600,0.9998,1.0000,0.9998,0.9998,0.9998,4104245.17319349
1745496000,0.9998,0.9999,0.9996,0.9996,0.9997,1792867.44060294
1745510400,0.9996,0.9997,0.9994,0.9994,0.9995,1946067.04557807
1745524800,0.9994,0.9996,0.9994,0.9996,0.9994,326974.48677230
1745539200,0.9995,0.9997,0.9995,0.9996,0.9995,549870.55295580
1745553600,0.9996,0.9997,0.9996,0.9997,0.9996,833536.60670638
1745568000,0.9997,0.9997,0.9995,0.9996,0.9996,3694444.44433910
1745582400,0.9996,0.9997,0.9991,0.9993,0.9994,9105126.25326737
1745596800,0.9993,0.9996,0.9990,0.9991,0.9993,3810694.78280988
1745611200,0.9991,0.9994,0.9991,0.9993,0.9992,767663.49231899
1745625600,0.9994,0.9995,0.9993,0.9995,0.9994,94714.53809022
1745640000,0.9995,0.9996,0.9994,0.9995,0.9995,538707.68120278
1745654400,0.9995,0.9997,0.9995,0.9996,0.9995,569256.87377627
1745668800,0.9996,0.9997,0.9995,0.9996,0.9996,71886.34281572
1745683200,0.9997,0.9997,0.9995,0.9996,0.9996,197768.67543629
1745697600,0.9997,0.9997,0.9995,0.9997,0.9995,582721.82052531
1745712000,0.9996,0.9997,0.9995,0.9997,0.9996,421354.17260973
1745726400,0.9997,0.9998,0.9996,0.9997,0.9997,242661.61698269
1745740800,0.9998,0.9998,0.9997,0.9998,0.9997,68049.39050331
1745755200,0.9997,0.9997,0.9996,0.9996,0.9996,163580.36019384
1745769600,0.9996,0.9997,0.9996,0.9997,0.9996,1181460.88581288
1745784000,0.9996,0.9997,0.9995,0.9996,0.9995,376487.65684043
1745798400,0.9996,0.9997,0.9995,0.9996,0.9996,467116.73877888
1745812800,0.9996,0.9998,0.9996,0.9996,0.9996,745597.89745786
1745827200,0.9996,0.9997,0.9996,0.9997,0.9996,6960491.80506139
1745841600,0.9996,1.0000,0.9995,0.9997,0.9996,11739172.97933608
1745856000,0.9997,0.9998,0.9996,0.9998,0.9997,2645315.12451967
1745870400,0.9997,0.9998,0.9997,0.9997,0.9997,437369.95906180
1745884800,0.9998,0.9998,0.9997,0.9998,0.9997,160271.69739380
1745899200,0.9997,0.9998,0.9996,0.9996,0.9996,577420.70558296
1745913600,0.9997,0.9997,0.9996,0.9997,0.9996,4481990.80558693
1745928000,0.9997,0.9998,0.9996,0.9997,0.9996,2005441.76216408
1745942400,0.9998,0.9998,0.9996,0.9996,0.9997,791779.35067087
1745956800,0.9997,0.9998,0.9996,0.9998,0.9997,1074827.97830234
1745971200,0.9997,0.9998,0.9996,0.9997,0.9997,951214.15522950
1745985600,0.9997,0.9999,0.9997,0.9997,0.9998,1524462.45820660
1746000000,0.9998,0.9999,0.9997,0.9998,0.9998,2167657.95050345
1746014400,0.9998,1.0000,0.9996,1.0000,0.9998,3940449.92157066
1746028800,1.0000,1.0001,0.9997,0.9999,0.9999,5342308.55589039
1746043200,0.9999,1.0000,0.9998,0.9999,0.9998,520524.84325628
1746057600,0.9999,1.0000,0.9998,0.9999,0.9999,1039316.24145837
1746072000,0.9999,1.0000,0.9998,0.9998,0.9999,1753326.20931190
1746086400,0.9999,1.0000,0.9997,0.9998,0.9998,881964.15228777
1746100800,0.9998,0.9999,0.9994,0.9996,0.9996,3270384.21648089
1746115200,0.9996,0.9997,0.9995,0.9995,0.9995,2927513.44541903
1746129600,0.9995,0.9997,0.9994,0.9996,0.9995,282028.30527563
1746144000,0.9996,0.9998,0.9996,0.9998,0.9997,599245.87195014
1746158400,0.9998,0.9998,0.9992,0.9997,0.9996,2131246.36370078
1746172800,0.9998,0.9998,0.9996,0.9996,0.9996,1772258.25626270
1746187200,0.9997,0.9997,0.9995,0.9997,0.9996,2526752.56587425
1746201600,0.9997,0.9997,0.9993,0.9995,0.9995,4910383.77299805
1746216000,0.9995,0.9996,0.9994,0.9995,0.9995,4701569.03608014
1746230400,0.9995,0.9997,0.9995,0.9996,0.9995,331288.17129157
1746244800,0.9996,0.9998,0.9996,0.9997,0.9997,583056.26790972
1746259200,0.9997,0.9998,0.9997,0.9998,0.9997,282751.40801919
1746273600,0.9998,0.9998,0.9997,0.9997,0.9997,501223.57657325
1746288000,0.9997,0.9998,0.9997,0.9998,0.9997,891114.66042499
1746302400,0.9997,0.9998,0.9997,0.9997,0.9997,217610.53780243
1746316800,0.9997,0.9999,0.9997,0.9998,0.9998,1086293.46911218
1746331200,0.9998,1.0000,0.9998,0.9999,0.9998,318948.41185430
1746345600,0.9999,1.0000,0.9998,0.9999,0.9999,760640.87008173
1746360000,0.9999,1.0000,0.9998,0.9999,0.9998,1397956.34800504
1746374400,1.0000,1.0000,0.9998,0.9999,0.9998,835972.00249656
1746388800,0.9998,1.0000,0.9998,1.0000,0.9998,430985.80281585
1746403200,0.9999,1.0000,0.9998,0.9999,0.9999,3696810.51597084
1746417600,0.9999,1.0000,0.9999,0.9999,0.9999,68610.97114405
1746432000,0.9999,1.0001,0.9999,1.0000,1.0000,6127137.95756144
1746446400,0.9999,1.0001,0.9999,1.0000,0.9999,3238984.70094055
1746460800,1.0001,1.0002,1.0000,1.0002,1.0001,6313360.13387188
1746475200,1.0001,1.0002,0.9998,1.0001,1.0000,2220117.83242942
1746489600,1.0001,1.0002,1.0000,1.0002,1.0001,895802.72753394
1746504000,1.0002,1.0003,1.0001,1.0002,1.0001,2712732.26163329
1746518400,1.0002,1.0003,1.0001,1.0001,1.0001,6974636.39430225
1746532800,1.0001,1.0003,1.0000,1.0001,1.0001,5992740.68791015
1746547200,1.0001,1.0002,0.9999,1.0000,1.0001,1654658.80335423
1746561600,0.9999,1.0001,0.9999,1.0000,0.9999,1437601.34395228
1746576000,1.0000,1.0001,0.9999,1.0000,0.9999,1471770.94439276
1746590400,1.0000,1.0002,1.0000,1.0000,1.0001,831731.46885865
1746604800,1.0000,1.0003,1.0000,1.0001,1.0001,4114423.16139770
1746619200,1.0001,1.0002,0.9999,0.9999,1.0000,2719545.33309107
1746633600,0.9999,1.0000,0.9997,0.9999,0.9998,3171097.53212918
1746648000,1.0000,1.0000,0.9997,0.9998,0.9998,964407.72757107
1746662400,0.9999,1.0000,0.9997,1.0000,0.9998,1367335.32928916
1746676800,0.9999,1.0001,0.9999,0.9999,0.9999,874212.42449961
1746691200,0.9999,1.0000,0.9998,0.9998,0.9999,3512246.62806323
1746705600,0.9998,1.0000,0.9997,0.9998,0.9998,4839005.89400354
1746720000,0.9998,1.0000,0.9997,0.9999,0.9998,3072912.58783889
1746734400,0.9998,1.0001,0.9998,1.0000,0.9998,3611973.57617373
1746748800,1.0000,1.0003,1.0000,1.0002,1.0001,1412041.56899492
1746763200,1.0002,1.0003,0.9998,0.9998,1.0000,3004836.76363478
1746777600,0.9999,1.0003,0.9998,1.0002,1.0000,2952447.04360443
1746792000,1.0002,1.0002,0.9999,1.0000,1.0000,2779403.86648571
1746806400,0.9999,1.0001,0.9999,0.9999,0.9999,4164254.45781544
1746820800,0.9999,1.0000,0.9998,1.0000,0.9998,1722824.22817593
1746835200,1.0000,1.0000,0.9999,0.9999,0.9999,2408311.63004541
1746849600,0.9999,1.0000,0.9998,0.9998,0.9998,998332.37862462
1746864000,0.9998,1.0000,0.9998,0.9998,0.9998,1338943.69237463
1746878400,0.9998,0.9999,0.9998,0.9999,0.9998,268549.09373409
1746892800,0.9999,0.9999,0.9998,0.9999,0.9998,912144.58632603
1746907200,0.9998,1.0000,0.9998,0.9998,0.9999,1324290.69743182
1746921600,0.9999,1.0000,0.9998,0.9999,0.9999,1529257.05831883
1746936000,0.9999,1.0000,0.9998,0.9999,0.9998,526751.17137157
1746950400,0.9998,0.9999,0.9998,0.9999,0.9998,1234670.96562622
1746964800,0.9999,0.9999,0.9997,0.9997,0.9998,1226637.70166456
1746979200,0.9998,0.9999,0.9997,0.9997,0.9998,1956536.75168174
1746993600,0.9997,0.9998,0.9997,0.9998,0.9997,1531502.88115509
1747008000,0.9997,0.9999,0.9997,0.9998,0.9997,2186395.46859795
1747022400,0.9998,1.0000,0.9998,0.9999,0.9999,1645296.57354614
1747036800,0.9999,1.0001,0.9998,0.9999,1.0000,5139242.45753790
1747051200,0.9999,1.0000,0.9998,0.9999,0.9998,3421993.05297361
1747065600,0.9999,1.0002,0.9998,1.0000,1.0000,4681434.61636383
1747080000,1.0000,1.0001,0.9999,0.9999,0.9999,1267723.25885312
1747094400,0.9999,1.0001,0.9999,0.9999,0.9999,538130.87986811
1747108800,0.9999,1.0001,0.9999,1.0000,1.0000,1882616.20157528
1747123200,1.0000,1.0001,0.9998,0.9998,1.0000,4893118.02758703
1747137600,0.9998,1.0001,0.9996,0.9999,0.9998,5161426.28403942
1747152000,0.9999,0.9999,0.9996,0.9997,0.9997,2225985.52850450
1747166400,0.9998,0.9999,0.9997,0.9998,0.9997,1608886.66866671
1747180800,0.9999,1.0001,0.9998,1.0000,1.0000,2448025.78017377
1747195200,1.0000,1.0001,0.9999,1.0000,0.9999,463935.88372319
1747209600,1.0000,1.0003,0.9999,0.9999,1.0000,8163362.00788497
1747224000,0.9999,1.0000,0.9998,0.9998,0.9998,3488205.26168699
1747238400,0.9999,0.9999,0.9986,0.9999,0.9998,2795797.94346679
1747252800,0.9999,0.9999,0.9997,0.9997,0.9998,732943.30725848
1747267200,0.9997,0.9998,0.9997,0.9997,0.9997,129800.87122281
1747281600,0.9997,0.9999,0.9996,0.9998,0.9997,1699765.88612288
1747296000,0.9997,0.9999,0.9996,0.9998,0.9997,3416258.82873670
1747310400,0.9997,0.9999,0.9996,0.9997,0.9997,5885410.01691724
1747324800,0.9997,0.9999,0.9996,0.9997,0.9997,8284917.25558572
1747339200,0.9998,0.9999,0.9996,0.9997,0.9997,6003096.20505407
1747353600,0.9997,0.9998,0.9996,0.9996,0.9997,4417107.44126116
1747368000,0.9996,0.9998,0.9996,0.9997,0.9996,1727230.81624786
1747382400,0.9997,0.9998,0.9995,0.9996,0.9996,3138393.26787890
1747396800,0.9996,0.9997,0.9995,0.9996,0.9996,3917621.48208442
1747411200,0.9995,0.9997,0.9995,0.9996,0.9996,6443425.43190172
1747425600,0.9997,0.9997,0.9995,0.9997,0.9996,2054193.70106303
1747440000,0.9997,0.9997,0.9995,0.9996,0.9996,6393950.55425906
1747454400,0.9996,0.9997,0.9995,0.9997,0.9996,1417424.21414685
1747468800,0.9997,0.9997,0.9996,0.9997,0.9996,1969453.36440007
1747483200,0.9997,0.9997,0.9996,0.9997,0.9996,1370621.04326559
1747497600,0.9996,0.9997,0.9995,0.9995,0.9995,3078987.25245982
1747512000,0.9995,0.9997,0.9995,0.9996,0.9995,1549216.27142388
