date,open,high,low,close,vwap,vol
1737158400,1.0005,1.0005,1.0005,1.0005,0.0000,0.00000
1737172800,1.0005,1.0005,1.0005,1.0005,0.0000,0.00000
1737187200,1.0005,1.0005,1.0005,1.0005,0.0000,0.00000
1737201600,1.0005,1.0005,1.0005,1.0005,0.0000,0.00000
1737216000,1.0005,1.0005,1.0005,1.0005,0.0000,0.00000
1737230400,1.0005,1.0005,1.0005,1.0005,0.0000,0.00000
1737244800,1.0005,1.0005,1.0005,1.0005,0.0000,0.00000
1737259200,1.0004,1.0005,1.0004,1.0005,1.0004,108113.74039
1737273600,1.0005,1.0005,1.0005,1.0005,1.0005,48274.48259
1737288000,1.0005,1.0005,1.0005,1.0005,0.0000,0.00000
1737302400,1.0005,1.0005,1.0005,1.0005,0.0000,0.00000
1737316800,1.0005,1.0005,1.0005,1.0005,1.0005,645.65040
1737331200,1.0005,1.0005,1.0005,1.0005,0.0000,0.00000
1737345600,1.0005,1.0005,0.9990,0.9990,0.9999,134.59790
1737360000,0.9990,0.9990,0.9990,0.9990,0.0000,0.00000
1737374400,0.9990,0.9990,0.9990,0.9990,0.0000,0.00000
1737388800,0.9990,0.9990,0.9990,0.9990,0.0000,0.00000
1737403200,1.0004,1.0004,1.0004,1.0004,1.0004,36.68533
1737417600,1.0004,1.0004,1.0004,1.0004,0.0000,0.00000
1737432000,1.0004,1.0004,1.0004,1.0004,0.0000,0.00000
1737446400,0.9991,0.9991,0.9990,0.9990,0.9990,2677.03221
1737460800,1.0004,1.0005,1.0004,1.0005,1.0004,36.68166
1737475200,1.0005,1.0005,1.0005,1.0005,0.0000,0.00000
1737489600,1.0005,1.0005,1.0005,1.0005,0.0000,0.00000
1737504000,1.0005,1.0005,1.0005,1.0005,0.0000,0.00000
1737518400,1.0005,1.0005,1.0005,1.0005,0.0000,0.00000
1737532800,1.0005,1.0005,1.0005,1.0005,0.0000,0.00000
1737547200,1.0005,1.0005,1.0005,1.0005,0.0000,0.00000
1737561600,1.0005,1.0005,1.0005,1.0005,0.0000,0.00000
1737576000,1.0004,1.0004,1.0004,1.0004,1.0004,36.68533
1737590400,1.0004,1.0004,1.0004,1.0004,0.0000,0.00000
1737604800,1.0004,1.0004,1.0004,1.0004,0.0000,0.00000
1737619200,0.9991,0.9991,0.9991,0.9991,0.9991,33.00429
1737633600,0.9991,1.0005,0.9991,1.0005,1.0002,64.97831
1737648000,1.0005,1.0005,1.0005,1.0005,0.0000,0.00000
1737662400,1.0005,1.0005,1.0005,1.0005,0.0000,0.00000
1737676800,0.9991,1.0004,0.9990,1.0004,0.9995,165.03064
1737691200,1.0004,1.0004,1.0004,1.0004,0.0000,0.00000
1737705600,1.0004,1.0005,1.0004,1.0005,1.0004,53.59480
1737720000,1.0005,1.0005,1.0005,1.0005,0.0000,0.00000
1737734400,1.0005,1.0005,1.0005,1.0005,0.0000,0.00000
1737748800,0.9991,0.9991,0.9990,0.9990,0.9990,163.54608
1737763200,0.9990,0.9990,0.9990,0.9990,0.0000,0.00000
1737777600,0.9990,0.9990,0.9990,0.9990,0.0000,0.00000
1737792000,0.9990,0.9990,0.9990,0.9990,0.0000,0.00000
1737806400,0.9990,0.9990,0.9990,0.9990,0.0000,0.00000
1737820800,0.9990,0.9990,0.9990,0.9990,0.0000,0.00000
1737835200,0.9990,0.9990,0.9990,0.9990,0.0000,0.00000
1737849600,0.9990,0.9990,0.9990,0.9990,0.0000,0.00000
1737864000,0.9990,0.9990,0.9990,0.9990,0.0000,0.00000
1737878400,0.9990,0.9990,0.9990,0.9990,0.9990,201.62869
1737892800,0.9990,0.9990,0.9990,0.9990,0.9990,15.94482
1737907200,0.9990,0.9990,0.9990,0.9990,0.0000,0.00000
1737921600,0.9990,0.9990,0.9990,0.9990,0.0000,0.00000
1737936000,1.0004,1.0005,0.9990,0.9990,0.9992,2861.46122
1737950400,0.9990,0.9990,0.9990,0.9990,0.0000,0.00000
1737964800,1.0004,1.0004,1.0004,1.0004,1.0004,9.00331
1737979200,1.0004,1.0004,1.0004,1.0004,0.0000,0.00000
1737993600,1.0004,1.0004,1.0004,1.0004,0.0000,0.00000
1738008000,0.9991,1.0005,0.9991,1.0005,1.0003,139.23477
1738022400,1.0005,1.0005,1.0005,1.0005,0.0000,0.00000
1738036800,1.0005,1.0005,1.0005,1.0005,0.0000,0.00000
1738051200,1.0005,1.0005,1.0005,1.0005,0.0000,0.00000
1738065600,1.0005,1.0005,0.9990,0.9990,0.9992,194.55782
1738080000,0.9990,0.9990,0.9990,0.9990,0.0000,0.00000
1738094400,0.9990,0.9990,0.9990,0.9990,0.9990,30.03604
1738108800,1.0004,1.0004,1.0004,1.0004,1.0004,15.24040
1738123200,1.0004,1.0004,1.0004,1.0004,0.0000,0.00000
1738137600,1.0004,1.0004,1.0004,1.0004,0.0000,0.00000
1738152000,1.0004,1.0004,1.0004,1.0004,1.0004,10.00000
1738166400,1.0004,1.0004,1.0004,1.0004,1.0004,10.00000
1738180800,1.0004,1.0004,0.9990,0.9990,0.9994,206.37512
1738195200,0.9990,0.9990,0.9990,0.9990,0.0000,0.00000
1738209600,0.9990,0.9990,0.9990,0.9990,0.0000,0.00000
1738224000,1.0004,1.0004,0.9990,0.9990,0.9994,30.00000
1738238400,0.9990,0.9990,0.9990,0.9990,0.0000,0.00000
1738252800,0.9990,0.9990,0.9990,0.9990,0.0000,0.00000
1738267200,0.9990,0.9990,0.9990,0.9990,0.0000,0.00000
1738281600,0.9990,0.9990,0.9990,0.9990,0.0000,0.00000
1738296000,1.0004,1.0004,1.0004,1.0004,1.0004,25.28281
1738310400,1.0004,1.0004,1.0004,1.0004,0.0000,0.00000
1738324800,1.0004,1.0004,1.0004,1.0004,0.0000,0.00000
1738339200,1.0004,1.0004,1.0004,1.0004,0.0000,0.00000
1738353600,1.0004,1.0005,1.0004,1.0005,1.0004,5776.63940
1738368000,1.0005,1.0005,1.0005,1.0005,0.0000,0.00000
1738382400,1.0005,1.0005,1.0005,1.0005,1.0005,8664.95910
1738396800,1.0005,1.0005,1.0005,1.0005,0.0000,0.00000
1738411200,1.0005,1.0005,1.0005,1.0005,0.0000,0.00000
1738425600,1.0005,1.0005,1.0005,1.0005,0.0000,0.00000
1738440000,0.9991,1.0005,0.7904,0.9869,0.9969,246050.79935
1738454400,1.0000,1.0000,0.9821,0.9821,0.9985,1470.38931
1738468800,0.9821,0.9821,0.9821,0.9821,0.0000,0.00000
1738483200,1.0000,1.0004,0.9950,0.9951,0.9996,5150.96291
1738497600,1.0003,1.0003,1.0003,1.0003,1.0003,15.34029
1738512000,1.0003,1.0003,1.0003,1.0003,0.0000,0.00000
1738526400,1.0003,1.0003,1.0003,1.0003,1.0003,9.99701
1738540800,1.0003,1.0003,1.0003,1.0003,1.0003,21.89462
1738555200,1.0003,1.0003,1.0003,1.0003,0.0000,0.00000
1738569600,1.0003,1.0003,1.0003,1.0003,0.0000,0.00000
1738584000,1.0003,1.0003,1.0003,1.0003,0.0000,0.00000
1738598400,1.0003,1.0003,1.0003,1.0003,0.0000,0.00000
1738612800,1.0003,1.0003,1.0003,1.0003,0.0000,0.00000
1738627200,0.9990,0.9990,0.9990,0.9990,0.9990,5046.25557
1738641600,0.9990,0.9990,0.9990,0.9990,0.9990,66.95037
1738656000,0.9990,0.9990,0.9990,0.9990,0.0000,0.00000
1738670400,0.9990,0.9990,0.9990,0.9990,0.0000,0.00000
1738684800,0.9990,0.9990,0.9990,0.9990,0.9990,28.94902
1738699200,0.9990,0.9990,0.9990,0.9990,0.0000,0.00000
1738713600,0.9990,0.9990,0.9990,0.9990,0.0000,0.00000
1738728000,0.9990,0.9990,0.9990,0.9990,0.0000,0.00000
1738742400,0.9990,0.9990,0.9990,0.9990,0.0000,0.00000
1738756800,0.9990,0.9990,0.9990,0.9990,0.9990,63.10183
1738771200,0.9990,0.9990,0.9990,0.9990,0.0000,0.00000
1738785600,0.9990,0.9990,0.9990,0.9990,0.0000,0.00000
1738800000,0.9990,0.9990,0.9990,0.9990,0.0000,0.00000
1738814400,0.9990,0.9990,0.9990,0.9990,0.0000,0.00000
1738828800,0.9990,0.9990,0.9990,0.9990,0.0000,0.00000
1738843200,0.9990,0.9990,0.9990,0.9990,0.0000,0.00000
1738857600,0.9990,0.9990,0.9990,0.9990,0.0000,0.00000
1738872000,0.9990,0.9990,0.9990,0.9990,0.0000,0.00000
1738886400,0.9990,0.9990,0.9990,0.9990,0.0000,0.00000
1738900800,1.0003,1.0003,1.0003,1.0003,1.0003,827.54633
1738915200,1.0003,1.0003,1.0003,1.0003,0.0000,0.00000
1738929600,1.0003,1.0003,1.0003,1.0003,0.0000,0.00000
1738944000,1.0003,1.0003,1.0003,1.0003,0.0000,0.00000
1738958400,1.0004,1.0004,0.9992,0.9992,0.9997,102.87449
1738972800,0.9992,0.9992,0.9992,0.9992,0.0000,0.00000
1738987200,0.9992,0.9992,0.9992,0.9992,0.0000,0.00000
1739001600,0.9992,0.9992,0.9992,0.9992,0.0000,0.00000
1739016000,0.9992,0.9992,0.9992,0.9992,0.0000,0.00000
1739030400,0.9992,0.9992,0.9992,0.9992,0.0000,0.00000
1739044800,1.0004,1.0005,1.0004,1.0005,1.0004,15.52200
1739059200,1.0005,1.0005,1.0005,1.0005,0.0000,0.00000
1739073600,1.0005,1.0005,1.0005,1.0005,0.0000,0.00000
1739088000,1.0005,1.0005,1.0005,1.0005,0.0000,0.00000
1739102400,1.0005,1.0005,1.0005,1.0005,0.0000,0.00000
1739116800,0.9993,0.9993,0.9993,0.9993,0.9993,15.52200
1739131200,0.9993,0.9993,0.9993,0.9993,0.0000,0.00000
1739145600,0.9993,0.9993,0.9993,0.9993,0.0000,0.00000
1739160000,0.9993,0.9993,0.9993,0.9993,0.0000,0.00000
1739174400,0.9993,0.9993,0.9993,0.9993,0.0000,0.00000
1739188800,0.9993,0.9993,0.9993,0.9993,0.9993,5.26029
1739203200,0.9993,0.9993,0.9993,0.9993,0.0000,0.00000
1739217600,0.9993,0.9993,0.9993,0.9993,0.0000,0.00000
1739232000,1.0004,1.0005,1.0004,1.0005,1.0004,25.01751
1739246400,0.9993,0.9993,0.9993,0.9993,0.9993,5.89306
1739260800,0.9993,0.9993,0.9993,0.9993,0.0000,0.00000
1739275200,0.9993,0.9993,0.9993,0.9993,0.0000,0.00000
1739289600,1.0005,1.0005,1.0005,1.0005,1.0005,476.32228
1739304000,1.0005,1.0005,1.0005,1.0005,0.0000,0.00000
1739318400,0.9993,0.9993,0.9993,0.9993,0.9993,108.00359
1739332800,0.9993,0.9993,0.9993,0.9993,0.0000,0.00000
1739347200,0.9993,0.9993,0.9993,0.9993,0.0000,0.00000
1739361600,0.9993,0.9993,0.9993,0.9993,0.0000,0.00000
1739376000,1.0004,1.0006,1.0004,1.0006,1.0005,40225.21888
1739390400,1.0006,1.0006,1.0006,1.0006,0.0000,0.00000
1739404800,1.0001,1.0001,1.0001,1.0001,1.0001,5.00290
1739419200,1.0001,1.0001,1.0001,1.0001,0.0000,0.00000
1739433600,1.0000,1.0000,1.0000,1.0000,1.0000,875.48099
1739448000,0.9992,0.9992,0.9992,0.9992,0.9992,97.63343
1739462400,0.9992,0.9992,0.9992,0.9992,0.0000,0.00000
1739476800,1.0009,1.0009,1.0009,1.0009,1.0009,102.63633
1739491200,1.0010,1.0010,1.0010,1.0010,1.0010,25.97402
1739505600,1.0010,1.0010,1.0010,1.0010,0.0000,0.00000
1739520000,1.0010,1.0010,1.0010,1.0010,0.0000,0.00000
1739534400,1.0010,1.0010,1.0010,1.0010,0.0000,0.00000
1739548800,1.0010,1.0010,1.0010,1.0010,0.0000,0.00000
1739563200,1.0010,1.0010,1.0010,1.0010,0.0000,0.00000
1739577600,1.0010,1.0010,1.0010,1.0010,1.0010,50.45917
1739592000,1.0010,1.0010,1.0010,1.0010,0.0000,0.00000
1739606400,1.0010,1.0010,1.0010,1.0010,0.0000,0.00000
1739620800,1.0010,1.0010,1.0010,1.0010,0.0000,0.00000
1739635200,1.0010,1.0010,1.0010,1.0010,0.0000,0.00000
1739649600,1.0010,1.0010,1.0010,1.0010,0.0000,0.00000
1739664000,1.0010,1.0010,1.0010,1.0010,0.0000,0.00000
1739678400,1.0010,1.0010,1.0010,1.0010,0.0000,0.00000
1739692800,1.0010,1.0010,1.0010,1.0010,0.0000,0.00000
1739707200,1.0010,1.0010,1.0010,1.0010,0.0000,0.00000
1739721600,1.0010,1.0010,1.0010,1.0010,0.0000,0.00000
1739736000,1.0010,1.0010,1.0010,1.0010,0.0000,0.00000
1739750400,1.0010,1.0010,1.0010,1.0010,0.0000,0.00000
1739764800,1.0010,1.0010,1.0010,1.0010,0.0000,0.00000
1739779200,1.0010,1.0010,1.0010,1.0010,0.0000,0.00000
1739793600,1.0010,1.0010,1.0010,1.0010,0.0000,0.00000
1739808000,1.0010,1.0010,1.0010,1.0010,0.0000,0.00000
1739822400,1.0010,1.0010,1.0010,1.0010,0.0000,0.00000
1739836800,1.0010,1.0010,1.0010,1.0010,0.0000,0.00000
1739851200,1.0010,1.0010,1.0010,1.0010,1.0010,25.97402
1739865600,1.0010,1.0010,1.0010,1.0010,0.0000,0.00000
1739880000,1.0010,1.0010,1.0010,1.0010,0.0000,0.00000
1739894400,1.0010,1.0010,1.0010,1.0010,0.0000,0.00000
1739908800,1.0010,1.0010,1.0010,1.0010,0.0000,0.00000
1739923200,1.0010,1.0010,1.0010,1.0010,0.0000,0.00000
1739937600,1.0010,1.0010,1.0010,1.0010,0.0000,0.00000
1739952000,1.0010,1.0010,1.0010,1.0010,0.0000,0.00000
1739966400,1.0010,1.0010,1.0010,1.0010,0.0000,0.00000
1739980800,1.0010,1.0010,1.0010,1.0010,0.0000,0.00000
1739995200,1.0010,1.0010,1.0010,1.0010,0.0000,0.00000
1740009600,1.0010,1.0010,1.0010,1.0010,0.0000,0.00000
1740024000,1.0010,1.0010,1.0010,1.0010,0.0000,0.00000
1740038400,1.0010,1.0010,1.0010,1.0010,0.0000,0.00000
1740052800,1.0010,1.0010,1.0010,1.0010,0.0000,0.00000
1740067200,1.0010,1.0010,1.0010,1.0010,0.0000,0.00000
1740081600,1.0010,1.0010,1.0010,1.0010,0.0000,0.00000
1740096000,0.9991,0.9991,0.9991,0.9991,0.9991,101.52000
1740110400,0.9991,0.9991,0.9991,0.9991,0.0000,0.00000
1740124800,0.9991,0.9991,0.9991,0.9991,0.0000,0.00000
1740139200,0.9991,0.9991,0.9991,0.9991,0.0000,0.00000
1740153600,0.9991,0.9991,0.9991,0.9991,0.0000,0.00000
1740168000,0.9991,0.9991,0.9991,0.9991,0.0000,0.00000
1740182400,0.9991,0.9991,0.9991,0.9991,0.0000,0.00000
1740196800,0.9991,0.9991,0.9991,0.9991,0.0000,0.00000
1740211200,0.9991,0.9991,0.9991,0.9991,0.0000,0.00000
1740225600,0.9991,0.9991,0.9991,0.9991,0.0000,0.00000
1740240000,1.0009,1.0009,1.0009,1.0009,1.0009,5.00000
1740254400,1.0009,1.0009,1.0009,1.0009,0.0000,0.00000
1740268800,0.9991,0.9991,0.9991,0.9991,0.9991,5.00000
1740283200,0.9991,0.9991,0.9991,0.9991,0.0000,0.00000
1740297600,0.9991,0.9991,0.9991,0.9991,0.0000,0.00000
1740312000,0.9991,0.9991,0.9991,0.9991,0.0000,0.00000
1740326400,0.9991,0.9991,0.9991,0.9991,0.0000,0.00000
1740340800,0.9991,0.9991,0.9991,0.9991,0.0000,0.00000
1740355200,0.9991,0.9991,0.9991,0.9991,0.0000,0.00000
1740369600,0.9991,0.9991,0.9991,0.9991,0.0000,0.00000
1740384000,0.9991,0.9991,0.9991,0.9991,0.0000,0.00000
1740398400,0.9991,0.9991,0.9991,0.9991,0.0000,0.00000
1740412800,0.9991,0.9991,0.9991,0.9991,0.0000,0.00000
1740427200,0.9991,0.9991,0.9991,0.9991,0.0000,0.00000
1740441600,0.9991,0.9991,0.9991,0.9991,0.0000,0.00000
1740456000,0.9991,0.9991,0.9991,0.9991,0.0000,0.00000
1740470400,0.9991,0.9991,0.9991,0.9991,0.0000,0.00000
1740484800,0.9991,0.9991,0.9991,0.9991,0.0000,0.00000
1740499200,0.9991,0.9991,0.9991,0.9991,0.0000,0.00000
1740513600,0.9991,0.9991,0.9991,0.9991,0.0000,0.00000
1740528000,0.9991,0.9991,0.9991,0.9991,0.0000,0.00000
1740542400,1.0009,1.0009,1.0009,1.0009,1.0009,30.20789
1740556800,1.0009,1.0009,1.0009,1.0009,1.0009,25.00000
1740571200,1.0009,1.0009,1.0009,1.0009,0.0000,0.00000
1740585600,1.0009,1.0009,1.0009,1.0009,0.0000,0.00000
1740600000,1.0009,1.0009,1.0009,1.0009,1.0009,16.75766
1740614400,1.0009,1.0009,1.0009,1.0009,0.0000,0.00000
1740628800,1.0010,1.0010,1.0010,1.0010,1.0010,19.98002
1740643200,1.0010,1.0010,1.0010,1.0010,0.0000,0.00000
1740657600,1.0010,1.0010,1.0010,1.0010,0.0000,0.00000
1740672000,1.0010,1.0010,1.0010,1.0010,0.0000,0.00000
1740686400,1.0010,1.0010,1.0010,1.0010,0.0000,0.00000
1740700800,1.0010,1.0010,1.0010,1.0010,0.0000,0.00000
1740715200,1.0010,1.0010,1.0010,1.0010,0.0000,0.00000
1740729600,1.0010,1.0010,1.0010,1.0010,1.0010,984.01598
1740744000,1.0010,1.0010,1.0010,1.0010,0.0000,0.00000
1740758400,1.0010,1.0010,1.0010,1.0010,0.0000,0.00000
1740772800,1.0010,1.0010,1.0010,1.0010,0.0000,0.00000
1740787200,1.0010,1.0010,1.0010,1.0010,0.0000,0.00000
1740801600,1.0010,1.0010,1.0010,1.0010,0.0000,0.00000
1740816000,1.0010,1.0010,1.0010,1.0010,0.0000,0.00000
1740830400,1.0010,1.0010,1.0010,1.0010,0.0000,0.00000
1740844800,1.0010,1.0010,1.0010,1.0010,0.0000,0.00000
1740859200,1.0010,1.0010,1.0010,1.0010,0.0000,0.00000
1740873600,1.0010,1.0010,1.0010,1.0010,0.0000,0.00000
1740888000,1.0010,1.0010,1.0010,1.0010,0.0000,0.00000
1740902400,1.0010,1.0010,1.0010,1.0010,0.0000,0.00000
1740916800,1.0010,1.0010,1.0010,1.0010,0.0000,0.00000
1740931200,1.0010,1.0010,1.0010,1.0010,0.0000,0.00000
1740945600,1.0010,1.0010,1.0010,1.0010,0.0000,0.00000
1740960000,1.0010,1.0010,1.0010,1.0010,0.0000,0.00000
1740974400,1.0010,1.0010,1.0010,1.0010,0.0000,0.00000
1740988800,1.0010,1.0010,1.0010,1.0010,0.0000,0.00000
1741003200,1.0010,1.0010,1.0010,1.0010,0.0000,0.00000
1741017600,1.0010,1.0010,1.0010,1.0010,0.0000,0.00000
1741032000,1.0010,1.0010,1.0010,1.0010,0.0000,0.00000
1741046400,1.0010,1.0010,1.0010,1.0010,0.0000,0.00000
1741060800,1.0010,1.0010,1.0010,1.0010,0.0000,0.00000
1741075200,1.0010,1.0010,1.0010,1.0010,1.0010,1000.00000
1741089600,1.0010,1.0010,1.0010,1.0010,0.0000,0.00000
1741104000,1.0010,1.0010,1.0010,1.0010,1.0010,1257.94219
1741118400,1.0010,1.0010,1.0010,1.0010,0.0000,0.00000
1741132800,1.0010,1.0010,1.0010,1.0010,0.0000,0.00000
1741147200,1.0010,1.0010,1.0010,1.0010,0.0000,0.00000
1741161600,1.0010,1.0010,1.0010,1.0010,1.0010,1000.39192
1741176000,1.0010,1.0010,1.0010,1.0010,0.0000,0.00000
1741190400,1.0010,1.0010,1.0010,1.0010,0.0000,0.00000
1741204800,1.0010,1.0010,1.0010,1.0010,0.0000,0.00000
1741219200,1.0010,1.0010,1.0010,1.0010,0.0000,0.00000
1741233600,1.0010,1.0010,1.0010,1.0010,0.0000,0.00000
1741248000,1.0010,1.0010,1.0010,1.0010,0.0000,0.00000
1741262400,1.0010,1.0010,1.0010,1.0010,0.0000,0.00000
1741276800,1.0010,1.0010,1.0010,1.0010,0.0000,0.00000
1741291200,1.0010,1.0010,1.0010,1.0010,0.0000,0.00000
1741305600,1.0010,1.0010,1.0010,1.0010,0.0000,0.00000
1741320000,1.0010,1.0010,1.0010,1.0010,0.0000,0.00000
1741334400,1.0010,1.0010,1.0010,1.0010,0.0000,0.00000
1741348800,1.0010,1.0010,1.0010,1.0010,0.0000,0.00000
1741363200,1.0010,1.0010,1.0010,1.0010,0.0000,0.00000
1741377600,1.0010,1.0010,1.0010,1.0010,0.0000,0.00000
1741392000,1.0010,1.0010,1.0010,1.0010,0.0000,0.00000
1741406400,1.0010,1.0010,1.0010,1.0010,0.0000,0.00000
1741420800,1.0010,1.0010,1.0010,1.0010,0.0000,0.00000
1741435200,1.0010,1.0010,1.0010,1.0010,0.0000,0.00000
1741449600,1.0010,1.0010,1.0010,1.0010,0.0000,0.00000
1741464000,1.0010,1.0010,1.0010,1.0010,0.0000,0.00000
1741478400,1.0010,1.0010,1.0010,1.0010,0.0000,0.00000
1741492800,1.0010,1.0010,1.0010,1.0010,0.0000,0.00000
1741507200,1.0010,1.0010,1.0010,1.0010,0.0000,0.00000
1741521600,1.0010,1.0010,1.0010,1.0010,0.0000,0.00000
1741536000,1.0010,1.0010,1.0010,1.0010,0.0000,0.00000
1741550400,1.0010,1.0010,1.0010,1.0010,0.0000,0.00000
1741564800,1.0010,1.0010,1.0010,1.0010,0.0000,0.00000
1741579200,1.0010,1.0010,1.0010,1.0010,0.0000,0.00000
1741593600,1.0010,1.0010,1.0010,1.0010,0.0000,0.00000
1741608000,1.0010,1.0010,1.0010,1.0010,0.0000,0.00000
1741622400,1.0010,1.0010,1.0010,1.0010,0.0000,0.00000
1741636800,1.0010,1.0010,1.0010,1.0010,0.0000,0.00000
1741651200,1.0010,1.0010,1.0010,1.0010,0.0000,0.00000
1741665600,1.0010,1.0010,1.0010,1.0010,0.0000,0.00000
1741680000,1.0010,1.0010,1.0010,1.0010,0.0000,0.00000
1741694400,1.0010,1.0010,1.0010,1.0010,0.0000,0.00000
1741708800,1.0010,1.0010,1.0010,1.0010,0.0000,0.00000
1741723200,1.0010,1.0010,1.0010,1.0010,0.0000,0.00000
1741737600,1.0010,1.0010,1.0010,1.0010,0.0000,0.00000
1741752000,1.0010,1.0010,1.0010,1.0010,0.0000,0.00000
1741766400,1.0010,1.0010,1.0010,1.0010,0.0000,0.00000
1741780800,1.0010,1.0010,1.0010,1.0010,0.0000,0.00000
1741795200,1.0010,1.0010,1.0010,1.0010,0.0000,0.00000
1741809600,1.0010,1.0010,1.0010,1.0010,0.0000,0.00000
1741824000,1.0010,1.0010,1.0010,1.0010,0.0000,0.00000
1741838400,1.0010,1.0010,1.0010,1.0010,0.0000,0.00000
1741852800,1.0010,1.0010,1.0010,1.0010,0.0000,0.00000
1741867200,1.0010,1.0010,1.0010,1.0010,0.0000,0.00000
1741881600,1.0010,1.0010,1.0010,1.0010,0.0000,0.00000
1741896000,1.0010,1.0010,1.0010,1.0010,0.0000,0.00000
1741910400,1.0010,1.0010,1.0010,1.0010,0.0000,0.00000
1741924800,1.0010,1.0010,1.0010,1.0010,0.0000,0.00000
1741939200,1.0010,1.0010,1.0010,1.0010,0.0000,0.00000
1741953600,1.0010,1.0010,1.0010,1.0010,0.0000,0.00000
1741968000,1.0010,1.0010,1.0010,1.0010,0.0000,0.00000
1741982400,1.0010,1.0010,1.0010,1.0010,0.0000,0.00000
1741996800,1.0010,1.0010,1.0010,1.0010,0.0000,0.00000
1742011200,1.0010,1.0010,1.0010,1.0010,0.0000,0.00000
1742025600,1.0010,1.0010,1.0010,1.0010,0.0000,0.00000
1742040000,1.0010,1.0010,1.0010,1.0010,0.0000,0.00000
1742054400,1.0010,1.0010,1.0010,1.0010,0.0000,0.00000
1742068800,1.0010,1.0010,1.0010,1.0010,0.0000,0.00000
1742083200,1.0010,1.0010,1.0010,1.0010,0.0000,0.00000
1742097600,1.0010,1.0010,1.0010,1.0010,0.0000,0.00000
1742112000,1.0010,1.0010,1.0010,1.0010,0.0000,0.00000
1742126400,1.0010,1.0010,1.0010,1.0010,0.0000,0.00000
1742140800,1.0010,1.0010,1.0010,1.0010,0.0000,0.00000
1742155200,1.0010,1.0010,1.0010,1.0010,0.0000,0.00000
1742169600,1.0010,1.0010,1.0010,1.0010,0.0000,0.00000
1742184000,1.0010,1.0010,1.0010,1.0010,0.0000,0.00000
1742198400,1.0010,1.0010,1.0010,1.0010,0.0000,0.00000
1742212800,1.0010,1.0010,1.0010,1.0010,0.0000,0.00000
1742227200,1.0010,1.0010,1.0010,1.0010,0.0000,0.00000
1742241600,1.0010,1.0010,1.0010,1.0010,0.0000,0.00000
1742256000,1.0010,1.0010,1.0010,1.0010,0.0000,0.00000
1742270400,1.0010,1.0010,1.0010,1.0010,0.0000,0.00000
1742284800,1.0010,1.0010,1.0010,1.0010,0.0000,0.00000
1742299200,1.0010,1.0010,1.0010,1.0010,0.0000,0.00000
1742313600,1.0010,1.0010,1.0010,1.0010,0.0000,0.00000
1742328000,1.0010,1.0010,1.0010,1.0010,0.0000,0.00000
1742342400,1.0010,1.0010,1.0010,1.0010,0.0000,0.00000
1742356800,1.0010,1.0010,1.0010,1.0010,0.0000,0.00000
1742371200,1.0010,1.0010,1.0010,1.0010,0.0000,0.00000
1742385600,1.0010,1.0010,1.0010,1.0010,0.0000,0.00000
1742400000,1.0010,1.0010,1.0010,1.0010,0.0000,0.00000
1742414400,1.0010,1.0010,1.0010,1.0010,0.0000,0.00000
1742428800,1.0010,1.0010,1.0010,1.0010,0.0000,0.00000
1742443200,1.0010,1.0010,1.0010,1.0010,0.0000,0.00000
1742457600,1.0010,1.0010,1.0010,1.0010,0.0000,0.00000
1742472000,1.0010,1.0010,1.0010,1.0010,0.0000,0.00000
1742486400,1.0010,1.0010,1.0010,1.0010,0.0000,0.00000
1742500800,1.0010,1.0010,1.0010,1.0010,0.0000,0.00000
1742515200,1.0010,1.0010,1.0010,1.0010,0.0000,0.00000
1742529600,1.0010,1.0010,1.0010,1.0010,0.0000,0.00000
1742544000,1.0010,1.0010,1.0010,1.0010,0.0000,0.00000
1742558400,1.0010,1.0010,1.0010,1.0010,0.0000,0.00000
1742572800,1.0010,1.0010,1.0010,1.0010,0.0000,0.00000
1742587200,1.0005,1.0005,1.0005,1.0005,1.0005,1193.20248
1742601600,1.0005,1.0005,1.0005,1.0005,0.0000,0.00000
1742616000,1.0005,1.0005,1.0005,1.0005,0.0000,0.00000
1742630400,1.0005,1.0005,1.0005,1.0005,0.0000,0.00000
1742644800,0.9990,0.9990,0.9990,0.9990,0.9990,73.02648
1742659200,0.9990,0.9990,0.9990,0.9990,0.0000,0.00000
1742673600,0.9990,0.9990,0.9990,0.9990,0.0000,0.00000
1742688000,0.9990,0.9990,0.9990,0.9990,0.0000,0.00000
1742702400,0.9990,0.9990,0.9990,0.9990,0.0000,0.00000
1742716800,1.0005,1.0005,1.0005,1.0005,1.0005,677.23398
1742731200,1.0005,1.0005,1.0005,1.0005,0.0000,0.00000
1742745600,1.0005,1.0005,1.0005,1.0005,0.0000,0.00000
1742760000,1.0005,1.0005,1.0005,1.0005,0.0000,0.00000
1742774400,1.0005,1.0005,1.0005,1.0005,0.0000,0.00000
1742788800,1.0005,1.0005,1.0005,1.0005,0.0000,0.00000
1742803200,1.0005,1.0005,1.0005,1.0005,0.0000,0.00000
1742817600,1.0005,1.0005,1.0005,1.0005,0.0000,0.00000
1742832000,1.0005,1.0005,1.0005,1.0005,0.0000,0.00000
1742846400,1.0005,1.0005,1.0005,1.0005,0.0000,0.00000
1742860800,1.0005,1.0005,1.0005,1.0005,0.0000,0.00000
1742875200,1.0005,1.0005,1.0005,1.0005,0.0000,0.00000
1742889600,1.0005,1.0005,1.0005,1.0005,0.0000,0.00000
1742904000,1.0005,1.0005,1.0005,1.0005,0.0000,0.00000
1742918400,1.0005,1.0005,1.0005,1.0005,0.0000,0.00000
1742932800,1.0005,1.0005,1.0005,1.0005,0.0000,0.00000
1742947200,1.0005,1.0005,1.0005,1.0005,0.0000,0.00000
1742961600,1.0005,1.0005,1.0005,1.0005,0.0000,0.00000
1742976000,1.0005,1.0005,1.0005,1.0005,0.0000,0.00000
1742990400,1.0005,1.0005,1.0005,1.0005,0.0000,0.00000
1743004800,1.0005,1.0005,1.0005,1.0005,0.0000,0.00000
1743019200,1.0005,1.0005,1.0005,1.0005,0.0000,0.00000
1743033600,1.0005,1.0005,1.0005,1.0005,0.0000,0.00000
1743048000,1.0005,1.0005,1.0005,1.0005,0.0000,0.00000
1743062400,1.0005,1.0005,1.0005,1.0005,0.0000,0.00000
1743076800,1.0005,1.0005,1.0005,1.0005,0.0000,0.00000
1743091200,1.0005,1.0005,1.0005,1.0005,0.0000,0.00000
1743105600,1.0005,1.0005,1.0005,1.0005,0.0000,0.00000
1743120000,1.0005,1.0005,1.0005,1.0005,0.0000,0.00000
1743134400,1.0005,1.0005,1.0005,1.0005,0.0000,0.00000
1743148800,1.0005,1.0005,1.0005,1.0005,0.0000,0.00000
1743163200,1.0005,1.0005,1.0005,1.0005,0.0000,0.00000
1743177600,1.0005,1.0005,1.0005,1.0005,0.0000,0.00000
1743192000,1.0005,1.0005,1.0005,1.0005,0.0000,0.00000
1743206400,1.0005,1.0005,1.0005,1.0005,0.0000,0.00000
1743220800,1.0005,1.0005,1.0005,1.0005,0.0000,0.00000
1743235200,1.0005,1.0005,1.0005,1.0005,0.0000,0.00000
1743249600,1.0005,1.0005,1.0005,1.0005,0.0000,0.00000
1743264000,1.0005,1.0005,1.0005,1.0005,0.0000,0.00000
1743278400,1.0005,1.0005,1.0005,1.0005,0.0000,0.00000
1743292800,1.0005,1.0005,1.0005,1.0005,0.0000,0.00000
1743307200,1.0005,1.0005,1.0005,1.0005,0.0000,0.00000
1743321600,1.0005,1.0005,1.0005,1.0005,0.0000,0.00000
1743336000,1.0005,1.0005,1.0005,1.0005,0.0000,0.00000
1743350400,1.0005,1.0005,1.0005,1.0005,0.0000,0.00000
1743364800,1.0005,1.0005,1.0005,1.0005,0.0000,0.00000
1743379200,1.0005,1.0005,1.0005,1.0005,0.0000,0.00000
1743393600,1.0005,1.0005,1.0005,1.0005,0.0000,0.00000
1743408000,1.0005,1.0005,1.0005,1.0005,0.0000,0.00000
1743422400,1.0005,1.0005,1.0005,1.0005,0.0000,0.00000
1743436800,1.0005,1.0005,1.0005,1.0005,0.0000,0.00000
1743451200,0.9990,0.9990,0.9990,0.9990,0.9990,19.99000
1743465600,0.9990,0.9990,0.9990,0.9990,0.0000,0.00000
1743480000,0.9990,0.9990,0.9990,0.9990,0.0000,0.00000
1743494400,0.9990,0.9990,0.9990,0.9990,0.0000,0.00000
1743508800,0.9990,0.9990,0.9990,0.9990,0.0000,0.00000
1743523200,0.9990,0.9990,0.9990,0.9990,0.0000,0.00000
1743537600,0.9990,0.9990,0.9990,0.9990,0.0000,0.00000
1743552000,0.9990,0.9990,0.9990,0.9990,0.0000,0.00000
1743566400,1.0005,1.0005,1.0005,1.0005,1.0005,91.28434
1743580800,1.0005,1.0005,1.0005,1.0005,0.0000,0.00000
1743595200,1.0005,1.0005,1.0005,1.0005,0.0000,0.00000
1743609600,1.0005,1.0005,1.0005,1.0005,0.0000,0.00000
1743624000,1.0005,1.0005,1.0005,1.0005,0.0000,0.00000
1743638400,1.0005,1.0005,1.0005,1.0005,0.0000,0.00000
1743652800,1.0005,1.0005,1.0005,1.0005,0.0000,0.00000
1743667200,1.0005,1.0005,1.0005,1.0005,1.0005,2292.60141
1743681600,0.9990,0.9990,0.9990,0.9990,0.9990,32.22686
1743696000,0.9990,0.9990,0.9990,0.9990,0.0000,0.00000
1743710400,1.0005,1.0005,1.0005,1.0005,1.0005,26588.71263
1743724800,1.0005,1.0005,1.0005,1.0005,0.0000,0.00000
1743739200,1.0005,1.0005,1.0005,1.0005,0.0000,0.00000
1743753600,1.0005,1.0005,1.0005,1.0005,1.0005,207.96014
1743768000,1.0005,1.0005,0.9990,1.0005,1.0003,1301.56957
1743782400,1.0005,1.0005,1.0005,1.0005,0.0000,0.00000
1743796800,1.0005,1.0005,1.0005,1.0005,0.0000,0.00000
1743811200,1.0005,1.0005,1.0005,1.0005,0.0000,0.00000
1743825600,1.0005,1.0005,1.0005,1.0005,0.0000,0.00000
1743840000,1.0005,1.0005,1.0005,1.0005,0.0000,0.00000
1743854400,0.9989,0.9989,0.9989,0.9989,0.9989,33.30977
1743868800,0.9989,0.9989,0.9989,0.9989,0.0000,0.00000
1743883200,0.9989,0.9989,0.9989,0.9989,0.0000,0.00000
1743897600,0.9989,0.9989,0.9989,0.9989,0.0000,0.00000
1743912000,0.9989,0.9989,0.9989,0.9989,0.0000,0.00000
1743926400,0.9989,0.9989,0.9989,0.9989,0.0000,0.00000
1743940800,1.0005,1.0005,1.0005,1.0005,1.0005,33.02447
1743955200,1.0005,1.0005,0.9989,1.0005,0.9999,313.77712
1743969600,1.0005,1.0005,1.0005,1.0005,1.0005,829.67920
1743984000,1.0005,1.0005,1.0005,1.0005,1.0005,495.22863
1743998400,1.0005,1.0005,1.0005,1.0005,1.0005,1198.15567
1744012800,1.0005,1.0005,0.9989,1.0005,1.0004,781.55421
1744027200,1.0005,1.0005,1.0005,1.0005,1.0005,1398.46182
1744041600,1.0005,1.0005,1.0005,1.0005,1.0005,187.69278
1744056000,1.0005,1.0005,1.0005,1.0005,1.0005,189.16975
1744070400,1.0005,1.0005,1.0005,1.0005,1.0005,286.57277
1744084800,1.0005,1.0005,1.0005,1.0005,1.0005,16.02364
1744099200,1.0005,1.0005,1.0005,1.0005,1.0005,51.45270
1744113600,1.0005,1.0005,1.0005,1.0005,1.0005,31.94546
1744128000,1.0005,1.0005,1.0005,1.0005,1.0005,419.99759
1744142400,1.0005,1.0005,1.0005,1.0005,1.0005,122.87908
1744156800,1.0005,1.0005,0.9991,0.9991,1.0004,633.72900
1744171200,1.0005,1.0005,1.0005,1.0005,1.0005,1017.87260
1744185600,1.0005,1.0005,1.0005,1.0005,1.0005,390.75308
1744200000,1.0005,1.0005,0.9990,1.0005,1.0004,1762.12672
1744214400,0.9991,1.0005,0.9991,1.0005,1.0003,3668.78148
1744228800,1.0005,1.0005,1.0005,1.0005,0.0000,0.00000
1744243200,1.0005,1.0005,1.0005,1.0005,0.0000,0.00000
1744257600,1.0005,1.0005,1.0005,1.0005,0.0000,0.00000
1744272000,1.0005,1.0005,1.0005,1.0005,0.0000,0.00000
1744286400,1.0005,1.0005,1.0005,1.0005,1.0005,86.81875
1744300800,1.0005,1.0005,1.0005,1.0005,0.0000,0.00000
1744315200,1.0005,1.0005,1.0005,1.0005,0.0000,0.00000
1744329600,1.0005,1.0005,1.0005,1.0005,1.0005,10.42536
1744344000,1.0005,1.0005,1.0005,1.0005,0.0000,0.00000
1744358400,1.0005,1.0005,1.0005,1.0005,1.0005,440.35686
1744372800,1.0005,1.0005,1.0005,1.0005,1.0005,112.60932
1744387200,1.0005,1.0005,1.0005,1.0005,1.0005,49.89331
1744401600,1.0005,1.0005,1.0005,1.0005,0.0000,0.00000
1744416000,1.0005,1.0005,1.0005,1.0005,0.0000,0.00000
1744430400,1.0005,1.0005,1.0005,1.0005,1.0005,99.86783
1744444800,1.0005,1.0005,1.0005,1.0005,0.0000,0.00000
1744459200,1.0005,1.0005,1.0005,1.0005,1.0005,25.25213
1744473600,1.0005,1.0005,1.0005,1.0005,0.0000,0.00000
1744488000,1.0005,1.0005,1.0005,1.0005,0.0000,0.00000
1744502400,1.0005,1.0005,1.0005,1.0005,1.0005,11.15124
1744516800,1.0005,1.0005,1.0005,1.0005,0.0000,0.00000
1744531200,1.0005,1.0005,1.0005,1.0005,0.0000,0.00000
1744545600,1.0005,1.0005,1.0005,1.0005,1.0005,25.15649
1744560000,1.0005,1.0005,1.0005,1.0005,1.0005,50.33726
1744574400,1.0005,1.0005,1.0005,1.0005,0.0000,0.00000
1744588800,1.0005,1.0005,1.0005,1.0005,0.0000,0.00000
1744603200,1.0005,1.0005,1.0005,1.0005,0.0000,0.00000
1744617600,1.0005,1.0005,1.0005,1.0005,0.0000,0.00000
1744632000,1.0005,1.0005,1.0005,1.0005,0.0000,0.00000
1744646400,1.0005,1.0005,1.0005,1.0005,0.0000,0.00000
1744660800,1.0005,1.0005,1.0005,1.0005,0.0000,0.00000
1744675200,1.0005,1.0005,1.0005,1.0005,0.0000,0.00000
1744689600,1.0005,1.0005,1.0005,1.0005,0.0000,0.00000
1744704000,1.0005,1.0005,1.0005,1.0005,0.0000,0.00000
1744718400,1.0005,1.0005,1.0005,1.0005,0.0000,0.00000
1744732800,0.9990,0.9990,0.9990,0.9990,0.9990,19994.99999
1744747200,0.9990,0.9990,0.9990,0.9990,0.0000,0.00000
1744761600,0.9990,0.9990,0.9990,0.9990,0.0000,0.00000
1744776000,0.9990,0.9990,0.9990,0.9990,0.0000,0.00000
1744790400,0.9990,0.9990,0.9990,0.9990,0.0000,0.00000
1744804800,0.9990,0.9990,0.9990,0.9990,0.0000,0.00000
1744819200,0.9990,0.9990,0.9990,0.9990,0.0000,0.00000
1744833600,0.9990,0.9990,0.9990,0.9990,0.0000,0.00000
1744848000,0.9990,0.9990,0.9990,0.9990,0.0000,0.00000
1744862400,0.9990,0.9990,0.9990,0.9990,0.0000,0.00000
1744876800,0.9990,0.9990,0.9990,0.9990,0.0000,0.00000
1744891200,0.9990,0.9990,0.9990,0.9990,0.0000,0.00000
1744905600,0.9990,0.9990,0.9990,0.9990,0.0000,0.00000
1744920000,0.9990,0.9990,0.9990,0.9990,0.0000,0.00000
1744934400,0.9990,0.9990,0.9990,0.9990,0.0000,0.00000
1744948800,0.9990,0.9990,0.9990,0.9990,0.0000,0.00000
1744963200,0.9990,0.9990,0.9990,0.9990,0.0000,0.00000
1744977600,0.9990,0.9990,0.9990,0.9990,0.0000,0.00000
1744992000,0.9990,0.9990,0.9990,0.9990,0.0000,0.00000
1745006400,0.9990,0.9990,0.9990,0.9990,0.0000,0.00000
1745020800,0.9990,0.9990,0.9990,0.9990,0.0000,0.00000
1745035200,0.9990,0.9990,0.9990,0.9990,0.0000,0.00000
1745049600,0.9990,0.9990,0.9990,0.9990,0.0000,0.00000
1745064000,0.9990,0.9990,0.9990,0.9990,0.0000,0.00000
1745078400,0.9990,0.9990,0.9990,0.9990,0.0000,0.00000
1745092800,0.9990,0.9990,0.9990,0.9990,0.0000,0.00000
1745107200,0.9990,0.9990,0.9990,0.9990,0.0000,0.00000
1745121600,0.9990,0.9990,0.9990,0.9990,0.0000,0.00000
1745136000,0.9990,0.9990,0.9990,0.9990,0.0000,0.00000
1745150400,0.9990,0.9990,0.9990,0.9990,0.0000,0.00000
1745164800,0.9990,0.9990,0.9990,0.9990,0.0000,0.00000
1745179200,0.9990,0.9990,0.9990,0.9990,0.0000,0.00000
1745193600,1.0005,1.0005,1.0005,1.0005,1.0005,2621.14739
1745208000,1.0005,1.0005,1.0005,1.0005,0.0000,0.00000
1745222400,1.0005,1.0005,1.0005,1.0005,0.0000,0.00000
1745236800,1.0005,1.0005,1.0005,1.0005,0.0000,0.00000
1745251200,0.9989,0.9989,0.9989,0.9989,0.9989,26.34660
1745265600,0.9989,0.9989,0.9989,0.9989,0.0000,0.00000
1745280000,1.0005,1.0005,1.0005,1.0005,1.0005,22.25857
1745294400,1.0005,1.0005,1.0005,1.0005,1.0005,13.07540
1745308800,1.0005,1.0005,1.0005,1.0005,1.0005,119.77368
1745323200,0.9989,0.9989,0.9989,0.9989,0.9989,162.99691
1745337600,0.9989,0.9989,0.9989,0.9989,0.9989,136.57713
1745352000,0.9989,1.0005,0.9989,0.9989,0.9992,2186.65700
1745366400,0.9989,0.9989,0.9989,0.9989,0.0000,0.00000
1745380800,0.9989,0.9989,0.9989,0.9989,0.9989,434.98611
1745395200,0.9989,0.9989,0.9989,0.9989,0.9989,28.21184
1745409600,0.9989,0.9989,0.9989,0.9989,0.9989,453.31644
1745424000,0.9989,0.9989,0.9989,0.9989,0.9989,28.08379
1745438400,0.9989,0.9989,0.9989,0.9989,0.0000,0.00000
1745452800,0.9989,0.9989,0.9989,0.9989,0.0000,0.00000
1745467200,0.9989,0.9989,0.9989,0.9989,0.0000,0.00000
1745481600,0.9989,0.9989,0.9989,0.9989,0.0000,0.00000
1745496000,0.9989,0.9989,0.9989,0.9989,0.9989,6.66696
1745510400,1.0005,1.0005,0.9989,0.9989,0.9999,87.73007
1745524800,0.9989,0.9989,0.9989,0.9989,0.9989,28.01045
1745539200,0.9989,0.9989,0.9989,0.9989,0.9989,65.64851
1745553600,0.9989,0.9989,0.9989,0.9989,0.0000,0.00000
1745568000,0.9989,0.9989,0.9989,0.9989,0.0000,0.00000
1745582400,0.9989,0.9989,0.9987,0.9987,0.9988,33058.64536
1745596800,0.9987,0.9987,0.9987,0.9987,0.9987,14.33005
1745611200,0.9987,0.9987,0.9987,0.9987,0.9987,19.93098
1745625600,0.9987,0.9987,0.9987,0.9987,0.0000,0.00000
1745640000,0.9987,0.9987,0.9987,0.9987,0.0000,0.00000
1745654400,1.0005,1.0005,1.0005,1.0005,1.0005,5.25683
1745668800,1.0005,1.0005,1.0005,1.0005,0.0000,0.00000
1745683200,1.0005,1.0005,1.0005,1.0005,0.0000,0.00000
1745697600,1.0005,1.0005,1.0005,1.0005,0.0000,0.00000
1745712000,0.9987,0.9987,0.9987,0.9987,0.9987,56.79196
1745726400,0.9987,0.9987,0.9987,0.9987,0.0000,0.00000
1745740800,0.9987,0.9987,0.9987,0.9987,0.0000,0.00000
1745755200,0.9987,0.9987,0.9987,0.9987,0.0000,0.00000
1745769600,0.9987,0.9987,0.9987,0.9987,0.0000,0.00000
1745784000,0.9987,0.9987,0.9987,0.9987,0.0000,0.00000
1745798400,0.9987,0.9987,0.9987,0.9987,0.0000,0.00000
1745812800,0.9987,0.9987,0.9987,0.9987,0.9987,39.86190
1745827200,0.9987,0.9987,0.9987,0.9987,0.9987,11.66042
1745841600,0.9987,0.9987,0.9987,0.9987,0.0000,0.00000
1745856000,0.9987,0.9987,0.9987,0.9987,0.0000,0.00000
1745870400,0.9987,0.9987,0.9987,0.9987,0.0000,0.00000
1745884800,0.9987,0.9987,0.9987,0.9987,0.0000,0.00000
1745899200,0.9987,0.9987,0.9987,0.9987,0.0000,0.00000
1745913600,0.9987,0.9987,0.9987,0.9987,0.0000,0.00000
1745928000,0.9987,0.9987,0.9987,0.9987,0.0000,0.00000
1745942400,0.9987,0.9987,0.9987,0.9987,0.0000,0.00000
1745956800,0.9987,0.9987,0.9987,0.9987,0.0000,0.00000
1745971200,0.9987,0.9987,0.9987,0.9987,0.0000,0.00000
1745985600,0.9987,0.9987,0.9987,0.9987,0.0000,0.00000
1746000000,1.0005,1.0005,1.0005,1.0005,1.0005,4997.50125
1746014400,1.0005,1.0005,1.0005,1.0005,1.0005,28.06583
1746028800,1.0005,1.0005,1.0005,1.0005,0.0000,0.00000
1746043200,1.0005,1.0005,1.0005,1.0005,1.0005,28.33004
1746057600,1.0005,1.0005,1.0005,1.0005,0.0000,0.00000
1746072000,1.0005,1.0005,1.0005,1.0005,0.0000,0.00000
1746086400,1.0005,1.0005,1.0005,1.0005,0.0000,0.00000
1746100800,1.0005,1.0005,1.0005,1.0005,0.0000,0.00000
1746115200,1.0005,1.0005,1.0005,1.0005,0.0000,0.00000
1746129600,1.0005,1.0005,1.0005,1.0005,0.0000,0.00000
1746144000,1.0005,1.0005,1.0005,1.0005,0.0000,0.00000
1746158400,1.0005,1.0005,1.0005,1.0005,0.0000,0.00000
1746172800,1.0005,1.0005,1.0005,1.0005,0.0000,0.00000
1746187200,0.9987,0.9987,0.9987,0.9987,0.9987,380.68036
1746201600,0.9987,0.9987,0.9987,0.9987,0.9987,250.30853
1746216000,0.9987,0.9987,0.9987,0.9987,0.0000,0.00000
1746230400,0.9987,0.9987,0.9987,0.9987,0.9987,29.06657
1746244800,0.9987,0.9987,0.9987,0.9987,0.9987,86.87633
1746259200,0.9987,0.9987,0.9987,0.9987,0.9987,115.52562
1746273600,0.9987,0.9987,0.9987,0.9987,0.0000,0.00000
1746288000,0.9987,0.9987,0.9987,0.9987,0.0000,0.00000
1746302400,0.9987,0.9987,0.9987,0.9987,0.0000,0.00000
1746316800,0.9987,0.9987,0.9987,0.9987,0.0000,0.00000
1746331200,0.9987,0.9987,0.9987,0.9987,0.0000,0.00000
1746345600,0.9987,0.9987,0.9987,0.9987,0.0000,0.00000
1746360000,0.9987,0.9987,0.9987,0.9987,0.0000,0.00000
1746374400,0.9987,0.9987,0.9987,0.9987,0.0000,0.00000
1746388800,0.9987,0.9987,0.9987,0.9987,0.0000,0.00000
1746403200,0.9987,0.9987,0.9987,0.9987,0.0000,0.00000
1746417600,0.9987,0.9987,0.9987,0.9987,0.0000,0.00000
1746432000,0.9987,0.9987,0.9987,0.9987,0.0000,0.00000
1746446400,0.9987,0.9987,0.9987,0.9987,0.0000,0.00000
1746460800,1.0005,1.0005,1.0005,1.0005,1.0005,28.27415
1746475200,1.0005,1.0005,1.0005,1.0005,1.0005,228.92238
1746489600,1.0005,1.0005,1.0005,1.0005,0.0000,0.00000
1746504000,1.0005,1.0005,1.0005,1.0005,0.0000,0.00000
1746518400,1.0005,1.0005,1.0005,1.0005,0.0000,0.00000
1746532800,1.0005,1.0005,1.0005,1.0005,1.0005,395.94847
1746547200,1.0005,1.0005,1.0005,1.0005,1.0005,114.10207
1746561600,0.9987,0.9987,0.9987,0.9987,0.9987,5.25683
1746576000,0.9987,0.9987,0.9987,0.9987,0.0000,0.00000
1746590400,1.0005,1.0005,1.0005,1.0005,1.0005,29.01725
1746604800,1.0005,1.0005,1.0005,1.0005,0.0000,0.00000
1746619200,1.0005,1.0005,1.0005,1.0005,0.0000,0.00000
1746633600,1.0005,1.0005,1.0005,1.0005,0.0000,0.00000
1746648000,1.0005,1.0005,1.0005,1.0005,0.0000,0.00000
1746662400,1.0005,1.0005,1.0005,1.0005,1.0005,29.36048
1746676800,1.0005,1.0005,1.0005,1.0005,0.0000,0.00000
1746691200,1.0005,1.0005,1.0005,1.0005,0.0000,0.00000
1746705600,1.0005,1.0005,1.0005,1.0005,0.0000,0.00000
1746720000,0.9987,0.9987,0.9987,0.9987,0.9987,11.25450
1746734400,1.0005,1.0005,0.9987,1.0005,1.0004,500.44494
1746748800,1.0005,1.0005,1.0005,1.0005,0.0000,0.00000
1746763200,1.0005,1.0005,1.0005,1.0005,1.0005,36.65255
1746777600,0.9987,0.9987,0.9987,0.9987,0.9987,25.38981
1746792000,0.9987,0.9987,0.9987,0.9987,0.0000,0.00000
1746806400,1.0005,1.0005,1.0005,1.0005,1.0005,6.75879
1746820800,1.0005,1.0005,1.0005,1.0005,0.0000,0.00000
1746835200,1.0005,1.0005,1.0005,1.0005,0.0000,0.00000
1746849600,1.0005,1.0005,1.0005,1.0005,0.0000,0.00000
1746864000,1.0005,1.0005,1.0005,1.0005,0.0000,0.00000
1746878400,1.0005,1.0005,1.0005,1.0005,0.0000,0.00000
1746892800,1.0005,1.0005,1.0005,1.0005,1.0005,6.73717
1746907200,0.9987,0.9987,0.9987,0.9987,0.9987,31.82111
1746921600,0.9987,0.9987,0.9987,0.9987,0.0000,0.00000
1746936000,0.9987,0.9987,0.9987,0.9987,0.0000,0.00000
1746950400,0.9987,0.9987,0.9987,0.9987,0.0000,0.00000
1746964800,0.9987,0.9987,0.9987,0.9987,0.0000,0.00000
1746979200,0.9987,0.9987,0.9987,0.9987,0.0000,0.00000
1746993600,0.9987,0.9987,0.9987,0.9987,0.9987,249.97712
1747008000,0.9987,0.9987,0.9987,0.9987,0.0000,0.00000
1747022400,0.9987,0.9987,0.9987,0.9987,0.9987,6.40938
1747036800,0.9987,0.9987,0.9987,0.9987,0.0000,0.00000
1747051200,0.9987,0.9987,0.9987,0.9987,0.0000,0.00000
1747065600,0.9987,1.0005,0.9987,1.0005,0.9992,32.38807
1747080000,1.0005,1.0005,1.0005,1.0005,1.0005,15.74875
1747094400,1.0005,1.0005,1.0005,1.0005,0.0000,0.00000
1747108800,1.0005,1.0005,1.0005,1.0005,0.0000,0.00000
1747123200,1.0005,1.0005,1.0005,1.0005,0.0000,0.00000
1747137600,1.0005,1.0005,1.0005,1.0005,0.0000,0.00000
1747152000,1.0005,1.0005,1.0005,1.0005,0.0000,0.00000
1747166400,1.0005,1.0005,1.0005,1.0005,0.0000,0.00000
1747180800,1.0005,1.0005,1.0005,1.0005,0.0000,0.00000
1747195200,1.0005,1.0005,1.0005,1.0005,0.0000,0.00000
1747209600,1.0005,1.0005,1.0005,1.0005,1.0005,33983.00849
1747224000,1.0005,1.0005,1.0005,1.0005,0.0000,0.00000
1747238400,1.0005,1.0005,1.0005,1.0005,0.0000,0.00000
1747252800,1.0005,1.0005,1.0005,1.0005,0.0000,0.00000
1747267200,1.0005,1.0005,1.0005,1.0005,0.0000,0.00000
1747281600,1.0005,1.0005,1.0005,1.0005,0.0000,0.00000
1747296000,1.0005,1.0005,1.0005,1.0005,0.0000,0.00000
1747310400,1.0005,1.0005,1.0005,1.0005,0.0000,0.00000
1747324800,1.0005,1.0005,1.0005,1.0005,0.0000,0.00000
1747339200,1.0005,1.0005,1.0005,1.0005,0.0000,0.00000
1747353600,1.0005,1.0005,1.0005,1.0005,0.0000,0.00000
1747368000,1.0005,1.0005,1.0005,1.0005,0.0000,0.00000
1747382400,1.0005,1.0005,1.0005,1.0005,0.0000,0.00000
1747396800,1.0005,1.0005,1.0005,1.0005,0.0000,0.00000
1747411200,1.0005,1.0005,1.0005,1.0005,1.0005,8994.50274
1747425600,1.0005,1.0005,1.0005,1.0005,0.0000,0.00000
1747440000,0.9987,0.9987,0.9987,0.9987,0.9987,24.77082
1747454400,0.9987,0.9987,0.9987,0.9987,0.0000,0.00000
1747468800,1.0005,1.0005,1.0005,1.0005,1.0005,999.50024
1747483200,1.0005,1.0005,1.0005,1.0005,0.0000,0.00000
1747497600,1.0005,1.0005,1.0005,1.0005,1.0005,6.73717
1747512000,1.0005,1.0005,1.0005,1.0005,0.0000,0.00000
