date,open,high,low,close,vwap,vol
1737158400,0.01965,0.01965,0.01883,0.01884,0.01901,83344.60840803
1737172800,0.01885,0.01885,0.01812,0.01812,0.01860,51060.35724696
1737187200,0.01803,0.01838,0.01793,0.01838,0.01815,4428.17108037
1737201600,0.01821,0.01844,0.01812,0.01829,0.01829,4443.39671679
1737216000,0.01812,0.01812,0.01771,0.01811,0.01788,84292.78732875
1737230400,0.01794,0.01811,0.01785,0.01811,0.01787,30551.17296556
1737244800,0.01820,0.01865,0.01803,0.01838,0.01839,522112.20772414
1737259200,0.01821,0.01821,0.01758,0.01783,0.01787,64025.69189288
1737273600,0.01767,0.01767,0.01659,0.01659,0.01710,17176.79569431
1737288000,0.01692,0.01766,0.01692,0.01742,0.01729,19605.80280151
1737302400,0.01754,0.01779,0.01734,0.01779,0.01763,401426.22652033
1737316800,0.01783,0.01785,0.01593,0.01616,0.01685,582087.59570476
1737331200,0.01615,0.01615,0.01550,0.01610,0.01604,250145.87190292
1737345600,0.01614,0.01726,0.01597,0.01694,0.01681,57481.32627023
1737360000,0.01695,0.01710,0.01662,0.01684,0.01686,47819.55025369
1737374400,0.01670,0.01670,0.01633,0.01641,0.01650,31921.11069064
1737388800,0.01640,0.01661,0.01583,0.01614,0.01626,55905.78628690
1737403200,0.01613,0.01618,0.01575,0.01616,0.01605,37859.09207815
1737417600,0.01583,0.01595,0.01555,0.01569,0.01573,32153.65233677
1737432000,0.01541,0.01588,0.01526,0.01547,0.01543,51679.42654294
1737446400,0.01553,0.01592,0.01553,0.01589,0.01583,35263.82154248
1737460800,0.01610,0.01625,0.01592,0.01601,0.01598,197386.99406529
1737475200,0.01601,0.01653,0.01600,0.01639,0.01614,122282.60281316
1737489600,0.01636,0.01636,0.01606,0.01606,0.01622,25685.62182510
1737504000,0.01621,0.01677,0.01610,0.01628,0.01634,94307.92721517
1737518400,0.01636,0.01645,0.01630,0.01635,0.01638,19596.10158314
1737532800,0.01630,0.01685,0.01606,0.01669,0.01632,147309.02675588
1737547200,0.01670,0.01677,0.01630,0.01636,0.01650,8312.78445069
1737561600,0.01614,0.01617,0.01599,0.01610,0.01608,8558.29370029
1737576000,0.01583,0.01583,0.01573,0.01573,0.01580,32336.49957063
1737590400,0.01589,0.01589,0.01566,0.01573,0.01578,12380.07978427
1737604800,0.01559,0.01566,0.01559,0.01566,0.01565,2533.52145923
1737619200,0.01589,0.01589,0.01578,0.01578,0.01585,90591.34401171
1737633600,0.01576,0.01590,0.01576,0.01590,0.01576,21811.80682956
1737648000,0.01614,0.01614,0.01559,0.01559,0.01602,31953.52475583
1737662400,0.01590,0.01590,0.01559,0.01590,0.01586,4728.91989062
1737676800,0.01560,0.01560,0.01528,0.01550,0.01550,1486.70043550
1737691200,0.01547,0.01600,0.01547,0.01600,0.01572,5032.28511031
1737705600,0.01600,0.01600,0.01600,0.01600,0.00000,0.00000000
1737720000,0.01614,0.01614,0.01603,0.01603,0.01605,1174.54313223
1737734400,0.01596,0.01596,0.01583,0.01583,0.01590,547.80555906
1737748800,0.01581,0.01581,0.01558,0.01558,0.01573,6688.69143698
1737763200,0.01535,0.01565,0.01535,0.01565,0.01549,491.81806647
1737777600,0.01562,0.01562,0.01556,0.01556,0.01559,9927.37089476
1737792000,0.01539,0.01539,0.01535,0.01535,0.01538,5476.51981670
1737806400,0.01552,0.01552,0.01552,0.01552,0.01552,5184.92646520
1737820800,0.01552,0.01552,0.01552,0.01552,0.00000,0.00000000
1737835200,0.01565,0.01565,0.01565,0.01565,0.01565,244.02204042
1737849600,0.01587,0.01588,0.01587,0.01588,0.01587,12294.03732000
1737864000,0.01590,0.01594,0.01590,0.01594,0.01593,5406.17905045
1737878400,0.01590,0.01650,0.01584,0.01610,0.01613,420642.41034928
1737892800,0.01597,0.01599,0.01584,0.01584,0.01594,629441.24459963
1737907200,0.01584,0.01620,0.01559,0.01595,0.01597,475381.45782001
1737921600,0.01583,0.01583,0.01552,0.01552,0.01560,111993.73227668
1737936000,0.01535,0.01535,0.01500,0.01502,0.01517,34069.71897373
1737950400,0.01400,0.01400,0.01400,0.01400,0.01400,175.00000000
1737964800,0.01425,0.01425,0.01413,0.01413,0.01414,2282.04728042
1737979200,0.01448,0.01475,0.01444,0.01475,0.01445,29687.51882468
1737993600,0.01443,0.01446,0.01436,0.01446,0.01439,12684.22682397
1738008000,0.01470,0.01496,0.01470,0.01480,0.01485,95590.68458542
1738022400,0.01496,0.01496,0.01470,0.01470,0.01491,9370.05205644
1738036800,0.01484,0.01484,0.01479,0.01479,0.01483,2993.73009371
1738051200,0.01475,0.01475,0.01475,0.01475,0.01475,338.98305084
1738065600,0.01470,0.01470,0.01465,0.01465,0.01466,943.38333417
1738080000,0.01461,0.01475,0.01442,0.01442,0.01464,82291.52200400
1738094400,0.01420,0.01420,0.01390,0.01403,0.01397,42580.16716119
1738108800,0.01409,0.01425,0.01409,0.01425,0.01409,31798.79380832
1738123200,0.01435,0.01448,0.01435,0.01448,0.01436,1956.13058467
1738137600,0.01423,0.01423,0.01423,0.01423,0.01423,1373.26167448
1738152000,0.01420,0.01420,0.01407,0.01407,0.01408,1771.86736426
1738166400,0.01420,0.01448,0.01420,0.01448,0.01438,369.05188042
1738180800,0.01470,0.01470,0.01442,0.01442,0.01453,13601.80801965
1738195200,0.01432,0.01470,0.01432,0.01470,0.01432,19447.35246136
1738209600,0.01473,0.01484,0.01473,0.01484,0.01476,7726.46549152
1738224000,0.01490,0.01491,0.01490,0.01491,0.01490,20803.54044417
1738238400,0.01493,0.01519,0.01493,0.01515,0.01515,473115.23944124
1738252800,0.01520,0.01520,0.01511,0.01511,0.01517,105372.90612551
1738267200,0.01500,0.01500,0.01495,0.01496,0.01496,108593.52961697
1738281600,0.01495,0.01501,0.01466,0.01488,0.01493,164862.77689797
1738296000,0.01500,0.01513,0.01500,0.01513,0.01510,1088.06028033
1738310400,0.01517,0.01517,0.01517,0.01517,0.01517,244.02204042
1738324800,0.01531,0.01566,0.01531,0.01566,0.01540,23232.87299014
1738339200,0.01559,0.01559,0.01506,0.01541,0.01530,3692.26168266
1738353600,0.01511,0.01522,0.01504,0.01510,0.01505,31474.05946486
1738368000,0.01503,0.01503,0.01503,0.01503,0.01503,1400.00000000
1738382400,0.01519,0.01530,0.01503,0.01503,0.01521,2047.02480004
1738396800,0.01489,0.01494,0.01471,0.01471,0.01486,21552.30531486
1738411200,0.01469,0.01469,0.01455,0.01460,0.01461,39308.03543340
1738425600,0.01469,0.01469,0.01420,0.01421,0.01450,13627.82831646
1738440000,0.01408,0.01416,0.01389,0.01389,0.01401,21193.45124522
1738454400,0.01412,0.01412,0.01373,0.01382,0.01384,29227.53903291
1738468800,0.01392,0.01402,0.01390,0.01390,0.01398,53219.40871714
1738483200,0.01403,0.01412,0.01373,0.01373,0.01396,14651.18121554
1738497600,0.01367,0.01379,0.01357,0.01379,0.01367,29904.79837810
1738512000,0.01366,0.01366,0.01181,0.01243,0.01261,59086.05356506
1738526400,0.01257,0.01258,0.01141,0.01224,0.01196,97849.09539388
1738540800,0.01196,0.01196,0.00811,0.00982,0.01025,114218.37190865
1738555200,0.00975,0.01069,0.00960,0.01069,0.00993,21159.81838812
1738569600,0.01052,0.01075,0.01038,0.01073,0.01067,42144.12893071
1738584000,0.01074,0.01147,0.01038,0.01146,0.01117,141053.95658541
1738598400,0.01140,0.01163,0.01128,0.01163,0.01140,13808.64445360
1738612800,0.01159,0.01219,0.01156,0.01204,0.01185,41630.11549141
1738627200,0.01202,0.01202,0.01153,0.01155,0.01172,161664.58232643
1738641600,0.01167,0.01167,0.01088,0.01088,0.01143,116144.84672342
1738656000,0.01104,0.01133,0.01087,0.01133,0.01103,46683.24728907
1738670400,0.01145,0.01163,0.01141,0.01141,0.01148,96893.56116989
1738684800,0.01158,0.01173,0.01141,0.01141,0.01153,37511.34890863
1738699200,0.01123,0.01145,0.01093,0.01133,0.01128,182595.00950534
1738713600,0.01123,0.01133,0.01115,0.01133,0.01126,13708.89589687
1738728000,0.01129,0.01163,0.01129,0.01151,0.01147,42234.51806514
1738742400,0.01141,0.01152,0.01141,0.01152,0.01149,11362.36653024
1738756800,0.01163,0.01200,0.01141,0.01200,0.01178,7924.66231372
1738771200,0.01181,0.01200,0.01137,0.01141,0.01166,82500.37676453
1738785600,0.01139,0.01139,0.01115,0.01126,0.01125,34636.54353980
1738800000,0.01133,0.01137,0.01115,0.01132,0.01125,47539.57965590
1738814400,0.01129,0.01145,0.01122,0.01145,0.01128,52237.93229168
1738828800,0.01126,0.01126,0.01097,0.01097,0.01111,70780.24843285
1738843200,0.01089,0.01109,0.01040,0.01040,0.01074,9777.35288733
1738857600,0.01047,0.01049,0.01022,0.01028,0.01039,123994.29204090
1738872000,0.01045,0.01046,0.01028,0.01035,0.01038,46569.08432236
1738886400,0.01039,0.01080,0.01039,0.01073,0.01047,65987.36662962
1738900800,0.01054,0.01069,0.01052,0.01069,0.01059,2828.57331237
1738915200,0.01075,0.01075,0.01075,0.01075,0.01075,244.02204042
1738929600,0.01091,0.01103,0.01077,0.01077,0.01089,12690.08505224
1738944000,0.01071,0.01085,0.01071,0.01085,0.01082,1414.79614578
1738958400,0.01054,0.01054,0.01022,0.01045,0.01041,7545.27717871
1738972800,0.01057,0.01069,0.01057,0.01069,0.01062,2837.47725750
1738987200,0.01052,0.01075,0.01052,0.01075,0.01061,2824.40835090
1739001600,0.01075,0.01075,0.01075,0.01075,0.00000,0.00000000
1739016000,0.01075,0.01075,0.01075,0.01075,0.01075,27904.38098782
1739030400,0.01092,0.01427,0.01092,0.01309,0.01268,603469.97047027
1739044800,0.01273,0.01278,0.01215,0.01261,0.01259,151167.15992650
1739059200,0.01234,0.01278,0.01234,0.01237,0.01246,470411.41932747
1739073600,0.01272,0.01272,0.01234,0.01261,0.01259,4675.58025011
1739088000,0.01272,0.01278,0.01252,0.01270,0.01266,12154.46933767
1739102400,0.01253,0.01411,0.01232,0.01299,0.01298,436698.43733101
1739116800,0.01296,0.01313,0.01239,0.01253,0.01271,457520.67137019
1739131200,0.01258,0.01278,0.01199,0.01278,0.01231,214815.01457229
1739145600,0.01275,0.01321,0.01253,0.01321,0.01289,109108.54346890
1739160000,0.01339,0.01368,0.01318,0.01339,0.01345,37258.26558974
1739174400,0.01350,0.01360,0.01313,0.01313,0.01346,43927.16655266
1739188800,0.01339,0.01360,0.01327,0.01360,0.01354,57773.80313722
1739203200,0.01382,0.01884,0.01382,0.01696,0.01751,261930.17681107
1739217600,0.01691,0.01691,0.01573,0.01591,0.01620,242150.16474917
1739232000,0.01570,0.01719,0.01570,0.01719,0.01659,589040.16974935
1739246400,0.01714,0.01714,0.01633,0.01649,0.01652,392321.40137131
1739260800,0.01655,0.01655,0.01585,0.01595,0.01642,190298.05813627
1739275200,0.01622,0.01660,0.01559,0.01640,0.01630,75512.41734352
1739289600,0.01660,0.01758,0.01638,0.01673,0.01679,404787.52324559
1739304000,0.01719,0.01884,0.01719,0.01771,0.01782,362662.05407323
1739318400,0.01750,0.01863,0.01750,0.01833,0.01816,24921.94128862
1739332800,0.01813,0.01859,0.01773,0.01826,0.01814,525214.79229979
1739347200,0.01831,0.01924,0.01812,0.01828,0.01859,535370.47053585
1739361600,0.01828,0.01881,0.01770,0.01800,0.01807,180791.52988895
1739376000,0.01819,0.02211,0.01791,0.02080,0.02062,114869.55056126
1739390400,0.02092,0.02206,0.02082,0.02126,0.02142,1210532.82904812
1739404800,0.02165,0.02165,0.01964,0.01976,0.02046,141627.20025396
1739419200,0.01942,0.01976,0.01920,0.01926,0.01955,153234.97779476
1739433600,0.01928,0.01932,0.01866,0.01879,0.01892,398330.88350881
1739448000,0.01887,0.01887,0.01833,0.01833,0.01871,257766.64492747
1739462400,0.01813,0.01842,0.01791,0.01842,0.01818,4296.46807307
1739476800,0.01812,0.01812,0.01812,0.01812,0.01812,749.57723474
1739491200,0.01842,0.01846,0.01812,0.01841,0.01831,332059.31728174
1739505600,0.01812,0.01812,0.01771,0.01776,0.01782,13378.79494804
1739520000,0.01771,0.01789,0.01747,0.01747,0.01778,185871.65811950
1739534400,0.01779,0.01800,0.01765,0.01774,0.01776,115738.44229048
1739548800,0.01788,0.01804,0.01761,0.01781,0.01780,253893.40240262
1739563200,0.01771,0.01771,0.01710,0.01737,0.01758,80225.56540632
1739577600,0.01738,0.01779,0.01729,0.01779,0.01733,42481.58212539
1739592000,0.01759,0.01759,0.01750,0.01750,0.01758,77965.85386085
1739606400,0.01759,0.01951,0.01759,0.01876,0.01786,188687.35654047
1739620800,0.01875,0.01884,0.01750,0.01750,0.01844,453267.54613867
1739635200,0.01767,0.01779,0.01691,0.01779,0.01717,75287.35598618
1739649600,0.01794,0.01928,0.01791,0.01913,0.01859,353556.91117357
1739664000,0.01891,0.01907,0.01806,0.01823,0.01886,644828.54443556
1739678400,0.01842,0.01863,0.01791,0.01791,0.01847,723548.59179360
1739692800,0.01811,0.01842,0.01771,0.01837,0.01814,182838.14007471
1739707200,0.01821,0.01889,0.01791,0.01889,0.01838,491242.02505963
1739721600,0.01856,0.01929,0.01804,0.01808,0.01854,1625957.81370132
1739736000,0.01811,0.01853,0.01780,0.01836,0.01818,346760.13175333
1739750400,0.01833,0.01940,0.01833,0.01932,0.01884,482547.84591717
1739764800,0.01951,0.02044,0.01898,0.02044,0.01973,219366.46386475
1739779200,0.02044,0.02067,0.01910,0.01910,0.01987,145665.99466457
1739793600,0.01930,0.01954,0.01876,0.01876,0.01943,347653.14805130
1739808000,0.01898,0.01929,0.01852,0.01854,0.01883,380246.20106269
1739822400,0.01884,0.01908,0.01884,0.01908,0.01887,29683.84033205
1739836800,0.01878,0.01893,0.01852,0.01893,0.01879,175264.01096037
1739851200,0.01897,0.01908,0.01806,0.01817,0.01836,571493.54121522
1739865600,0.01800,0.01845,0.01791,0.01845,0.01802,73153.42486734
1739880000,0.01850,0.01864,0.01750,0.01750,0.01829,555303.69204823
1739894400,0.01752,0.01752,0.01614,0.01661,0.01691,298156.83410644
1739908800,0.01661,0.01684,0.01659,0.01679,0.01669,428284.48092119
1739923200,0.01685,0.01703,0.01670,0.01681,0.01683,85539.36795633
1739937600,0.01671,0.01738,0.01646,0.01736,0.01726,105239.49624380
1739952000,0.01758,0.01758,0.01748,0.01748,0.01748,28688.38818393
1739966400,0.01748,0.01776,0.01730,0.01757,0.01755,35308.19977823
1739980800,0.01730,0.01758,0.01729,0.01758,0.01736,14587.11684271
1739995200,0.01736,0.01770,0.01718,0.01770,0.01760,22289.53314959
1740009600,0.01775,0.01779,0.01750,0.01758,0.01762,848426.65017314
1740024000,0.01781,0.01781,0.01725,0.01725,0.01774,110746.00394796
1740038400,0.01718,0.01727,0.01710,0.01727,0.01718,155182.52176824
1740052800,0.01733,0.01734,0.01688,0.01688,0.01732,93288.60479568
1740067200,0.01712,0.01712,0.01712,0.01712,0.01712,175.00000000
1740081600,0.01712,0.01712,0.01712,0.01712,0.00000,0.00000000
1740096000,0.01712,0.01712,0.01712,0.01712,0.00000,0.00000000
1740110400,0.01712,0.01712,0.01712,0.01712,0.00000,0.00000000
1740124800,0.01758,0.01770,0.01757,0.01770,0.01757,23631.78855686
1740139200,0.01766,0.01782,0.01684,0.01684,0.01769,925812.93078452
1740153600,0.01726,0.01770,0.01580,0.01580,0.01710,275830.94293776
1740168000,0.01599,0.01641,0.01599,0.01616,0.01625,211714.48816494
1740182400,0.01616,0.01616,0.01616,0.01616,0.00000,0.00000000
1740196800,0.01633,0.01637,0.01633,0.01637,0.01635,8322.83817116
1740211200,0.01661,0.01661,0.01661,0.01661,0.01661,620.34739454
1740225600,0.01661,0.01661,0.01661,0.01661,0.00000,0.00000000
1740240000,0.01676,0.01684,0.01676,0.01677,0.01678,204710.05750126
1740254400,0.01700,0.01700,0.01700,0.01700,0.01700,175.00000000
1740268800,0.01706,0.01706,0.01672,0.01678,0.01690,13999.27717775
1740283200,0.01635,0.01640,0.01633,0.01633,0.01636,7495.51568751
1740297600,0.01651,0.01651,0.01651,0.01651,0.01651,20575.71946793
1740312000,0.01632,0.01632,0.01608,0.01608,0.01615,347890.61656451
1740326400,0.01613,0.01620,0.01613,0.01620,0.01614,3636.78674067
1740340800,0.01620,0.01620,0.01620,0.01620,0.00000,0.00000000
1740355200,0.01631,0.01631,0.01572,0.01572,0.01607,188113.25606881
1740369600,0.01552,0.01561,0.01552,0.01557,0.01560,87232.14315703
1740384000,0.01599,0.01599,0.01541,0.01547,0.01549,499258.31624848
1740398400,0.01565,0.01565,0.01537,0.01537,0.01538,96687.89607994
1740412800,0.01535,0.01543,0.01488,0.01495,0.01515,167496.15440988
1740427200,0.01517,0.01517,0.01400,0.01400,0.01475,55131.07712904
1740441600,0.01439,0.01440,0.01439,0.01440,0.01439,1001.94480357
1740456000,0.01400,0.01426,0.01339,0.01360,0.01408,187144.51176718
1740470400,0.01403,0.01443,0.01388,0.01440,0.01398,152282.03739775
1740484800,0.01428,0.01450,0.01401,0.01450,0.01422,893619.34223498
1740499200,0.01438,0.01464,0.01432,0.01464,0.01447,205922.79585763
1740513600,0.01468,0.01479,0.01468,0.01474,0.01471,107391.19116213
1740528000,0.01465,0.01492,0.01465,0.01492,0.01471,412001.90513942
1740542400,0.01492,0.01492,0.01490,0.01490,0.01490,2682.76450000
1740556800,0.01482,0.01488,0.01482,0.01488,0.01482,88746.22195596
1740571200,0.01453,0.01493,0.01453,0.01493,0.01474,240808.09170788
1740585600,0.01494,0.01497,0.01430,0.01432,0.01485,136113.54705462
1740600000,0.01451,0.01478,0.01451,0.01478,0.01461,138924.52511395
1740614400,0.01496,0.01503,0.01492,0.01496,0.01496,272783.37336077
1740628800,0.01511,0.01511,0.01511,0.01511,0.01511,86063.45745596
1740643200,0.01517,0.01522,0.01513,0.01514,0.01517,344578.72655700
1740657600,0.01513,0.01515,0.01483,0.01483,0.01513,258864.68120132
1740672000,0.01519,0.01519,0.01473,0.01511,0.01514,39665.16175830
1740686400,0.01511,0.01511,0.01511,0.01511,0.00000,0.00000000
1740700800,0.01435,0.01435,0.01398,0.01398,0.01412,859.61275355
1740715200,0.01362,0.01402,0.01362,0.01378,0.01383,2097.12959906
1740729600,0.01403,0.01403,0.01403,0.01403,0.01403,324.89673316
1740744000,0.01418,0.01517,0.01418,0.01517,0.01453,1648.99903291
1740758400,0.01517,0.01517,0.01517,0.01517,0.00000,0.00000000
1740772800,0.01517,0.01517,0.01517,0.01517,0.00000,0.00000000
1740787200,0.01517,0.01517,0.01517,0.01517,0.00000,0.00000000
1740801600,0.01496,0.01496,0.01496,0.01496,0.01496,668.44919786
1740816000,0.01530,0.01530,0.01486,0.01486,0.01498,2672.13790473
1740830400,0.01473,0.01473,0.01473,0.01473,0.01473,333.26334012
1740844800,0.01473,0.01473,0.01473,0.01473,0.00000,0.00000000
1740859200,0.01473,0.01473,0.01473,0.01473,0.00000,0.00000000
1740873600,0.01473,0.01473,0.01473,0.01473,0.00000,0.00000000
1740888000,0.01473,0.01473,0.01473,0.01473,0.00000,0.00000000
1740902400,0.01473,0.01473,0.01473,0.01473,0.00000,0.00000000
1740916800,0.01516,0.01517,0.01516,0.01517,0.01516,995.13802001
1740931200,0.01551,0.01600,0.01551,0.01600,0.01555,39495.31622313
1740945600,0.01603,0.01603,0.01603,0.01603,0.01603,1558.60349127
1740960000,0.01579,0.01617,0.01552,0.01552,0.01579,1208.97757570
1740974400,0.01512,0.01539,0.01512,0.01539,0.01537,6907.14371931
1740988800,0.01473,0.01473,0.01398,0.01440,0.01418,10442.19612951
1741003200,0.01461,0.01461,0.01424,0.01424,0.01437,2025.89444824
1741017600,0.01398,0.01398,0.01319,0.01319,0.01328,9804.78567365
1741032000,0.01300,0.01300,0.01300,0.01300,0.01300,192.00000000
1741046400,0.01293,0.01298,0.01260,0.01265,0.01280,2079.15350658
1741060800,0.01297,0.01298,0.01280,0.01280,0.01289,1805.93679615
1741075200,0.01280,0.01280,0.01280,0.01280,0.00000,0.00000000
1741089600,0.01299,0.01299,0.01267,0.01267,0.01282,1570.51598263
1741104000,0.01260,0.01298,0.01260,0.01298,0.01279,738.54095109
1741118400,0.01298,0.01298,0.01298,0.01298,0.00000,0.00000000
1741132800,0.01294,0.01294,0.01294,0.01294,0.01294,84638.90268337
1741147200,0.01294,0.01294,0.01294,0.01294,0.00000,0.00000000
1741161600,0.01294,0.01294,0.01294,0.01294,0.00000,0.00000000
1741176000,0.01294,0.01294,0.01294,0.01294,0.00000,0.00000000
1741190400,0.01294,0.01294,0.01294,0.01294,0.00000,0.00000000
1741204800,0.01294,0.01294,0.01294,0.01294,0.00000,0.00000000
1741219200,0.01294,0.01294,0.01294,0.01294,0.00000,0.00000000
1741233600,0.01294,0.01294,0.01294,0.01294,0.00000,0.00000000
1741248000,0.01294,0.01294,0.01294,0.01294,0.00000,0.00000000
1741262400,0.01294,0.01294,0.01294,0.01294,0.00000,0.00000000
1741276800,0.01260,0.01260,0.01250,0.01250,0.01256,525.35650793
1741291200,0.01228,0.01239,0.01228,0.01239,0.01238,77965.72463743
1741305600,0.01200,0.01232,0.01183,0.01232,0.01197,2010.57412970
1741320000,0.01232,0.01232,0.01232,0.01232,0.00000,0.00000000
1741334400,0.01251,0.01251,0.01245,0.01245,0.01249,76352.07408372
1741348800,0.01265,0.01265,0.01265,0.01265,0.01265,324.89673316
1741363200,0.01250,0.01250,0.01241,0.01241,0.01242,5749.99999999
1741377600,0.01269,0.01271,0.01228,0.01228,0.01269,180713.14586080
1741392000,0.01254,0.01254,0.01228,0.01228,0.01243,454.50000000
1741406400,0.01228,0.01228,0.01228,0.01228,0.00000,0.00000000
1741420800,0.01228,0.01228,0.01228,0.01228,0.00000,0.00000000
1741435200,0.01228,0.01228,0.01228,0.01228,0.00000,0.00000000
1741449600,0.01228,0.01228,0.01228,0.01228,0.00000,0.00000000
1741464000,0.01228,0.01230,0.01228,0.01230,0.01229,2596.01636000
1741478400,0.01230,0.01230,0.01230,0.01230,0.00000,0.00000000
1741492800,0.01230,0.01230,0.01230,0.01230,0.00000,0.00000000
1741507200,0.01200,0.01200,0.01196,0.01196,0.01197,525.33762541
1741521600,0.01165,0.01170,0.01150,0.01150,0.01165,86043.32917571
1741536000,0.01135,0.01135,0.01090,0.01110,0.01091,247091.40148834
1741550400,0.01138,0.01139,0.01106,0.01106,0.01123,2361.45203478
1741564800,0.01138,0.01140,0.01131,0.01131,0.01135,2512.19570520
1741579200,0.01150,0.01164,0.01150,0.01164,0.01163,2687.19570520
1741593600,0.01169,0.01200,0.01169,0.01200,0.01187,824.79346632
1741608000,0.01195,0.01195,0.01135,0.01159,0.01188,71032.89754531
1741622400,0.01106,0.01110,0.01078,0.01110,0.01093,1832.82072479
1741636800,0.01136,0.01139,0.01136,0.01139,0.01136,1170.20527077
1741651200,0.01110,0.01110,0.01036,0.01110,0.01062,10655.86651679
1741665600,0.01139,0.01139,0.01139,0.01139,0.01139,324.89673316
1741680000,0.01139,0.01139,0.01139,0.01139,0.00000,0.00000000
1741694400,0.01169,0.01169,0.01169,0.01169,0.01169,324.89673316
1741708800,0.01200,0.01200,0.01200,0.01200,0.01200,324.89673316
1741723200,0.01231,0.01231,0.01179,0.01179,0.01205,11729.86396302
1741737600,0.01170,0.01170,0.01162,0.01162,0.01163,45069.12854836
1741752000,0.01135,0.01165,0.01135,0.01165,0.01156,1193.87603493
1741766400,0.01169,0.01200,0.01169,0.01178,0.01180,1498.68990095
1741780800,0.01224,0.01224,0.01165,0.01165,0.01189,2039.84825185
1741795200,0.01194,0.01194,0.01194,0.01194,0.01194,358.00000000
1741809600,0.01200,0.01200,0.01200,0.01200,0.01200,499.89673316
1741824000,0.01200,0.01200,0.01200,0.01200,0.00000,0.00000000
1741838400,0.01197,0.01197,0.01197,0.01197,0.01197,499.39681649
1741852800,0.01213,0.01213,0.01213,0.01213,0.01213,857.63293310
1741867200,0.01213,0.01213,0.01213,0.01213,0.00000,0.00000000
1741881600,0.01195,0.01195,0.01195,0.01195,0.01195,836.82008368
1741896000,0.01195,0.01195,0.01195,0.01195,0.00000,0.00000000
1741910400,0.01195,0.01195,0.01195,0.01195,0.00000,0.00000000
1741924800,0.01223,0.01223,0.01223,0.01223,0.01223,836.82008368
1741939200,0.01232,0.01250,0.01232,0.01250,0.01238,499.89673316
1741953600,0.01265,0.01271,0.01265,0.01271,0.01270,77632.37740616
1741968000,0.01271,0.01271,0.01271,0.01271,0.00000,0.00000000
1741982400,0.01251,0.01251,0.01251,0.01251,0.01251,799.36051159
1741996800,0.01251,0.01251,0.01251,0.01251,0.00000,0.00000000
1742011200,0.01251,0.01251,0.01251,0.01251,0.00000,0.00000000
1742025600,0.01251,0.01251,0.01251,0.01251,0.00000,0.00000000
1742040000,0.01251,0.01251,0.01251,0.01251,0.00000,0.00000000
1742054400,0.01270,0.01367,0.01270,0.01367,0.01307,2124.05071107
1742068800,0.01400,0.01450,0.01367,0.01367,0.01439,28043.86870522
1742083200,0.01362,0.01362,0.01362,0.01362,0.01362,333.33825256
1742097600,0.01362,0.01362,0.01362,0.01362,0.00000,0.00000000
1742112000,0.01327,0.01327,0.01293,0.01293,0.01309,666.70893670
1742126400,0.01260,0.01260,0.01260,0.01260,0.01260,333.35650793
1742140800,0.01297,0.01330,0.01260,0.01260,0.01323,17909.03904371
1742155200,0.01288,0.01288,0.01288,0.01288,0.01288,13468.25581394
1742169600,0.01298,0.01298,0.01298,0.01298,0.01298,324.89673316
1742184000,0.01298,0.01298,0.01298,0.01298,0.00000,0.00000000
1742198400,0.01298,0.01298,0.01298,0.01298,0.00000,0.00000000
1742212800,0.01331,0.01332,0.01292,0.01319,0.01317,195647.33942796
1742227200,0.01332,0.01332,0.01332,0.01332,0.01332,324.89673316
1742241600,0.01350,0.01399,0.01344,0.01354,0.01361,70779.47455869
1742256000,0.01327,0.01327,0.01327,0.01327,0.01327,333.35131876
1742270400,0.01300,0.01300,0.01293,0.01293,0.01295,1296.96255621
1742284800,0.01293,0.01293,0.01293,0.01293,0.00000,0.00000000
1742299200,0.01260,0.01260,0.01250,0.01250,0.01256,525.35650793
1742313600,0.01270,0.01270,0.01270,0.01270,0.01270,152.52331000
1742328000,0.01270,0.01270,0.01270,0.01270,0.00000,0.00000000
1742342400,0.01270,0.01270,0.01270,0.01270,0.00000,0.00000000
1742356800,0.01298,0.01300,0.01298,0.01300,0.01298,499.89673316
1742371200,0.01278,0.01278,0.01278,0.01278,0.01278,499.57184872
1742385600,0.01278,0.01278,0.01278,0.01278,0.00000,0.00000000
1742400000,0.01285,0.01285,0.01285,0.01285,0.01285,186.96945300
1742414400,0.01293,0.01293,0.01293,0.01293,0.01293,79.46636000
1742428800,0.01293,0.01293,0.01293,0.01293,0.00000,0.00000000
1742443200,0.01293,0.01293,0.01293,0.01293,0.00000,0.00000000
1742457600,0.01293,0.01293,0.01293,0.01293,0.00000,0.00000000
1742472000,0.01303,0.01303,0.01303,0.01303,0.01303,771.60493827
1742486400,0.01303,0.01303,0.01303,0.01303,0.00000,0.00000000
1742500800,0.01332,0.01332,0.01332,0.01332,0.01332,324.89673316
1742515200,0.01306,0.01306,0.01306,0.01306,0.01306,1454.82388973
1742529600,0.01293,0.01293,0.01293,0.01293,0.01293,333.35761794
1742544000,0.01309,0.01309,0.01309,0.01309,0.01309,7855.26862518
1742558400,0.01309,0.01309,0.01309,0.01309,0.00000,0.00000000
1742572800,0.01309,0.01309,0.01309,0.01309,0.00000,0.00000000
1742587200,0.01309,0.01309,0.01309,0.01309,0.00000,0.00000000
1742601600,0.01309,0.01309,0.01309,0.01309,0.00000,0.00000000
1742616000,0.01309,0.01309,0.01309,0.01309,0.00000,0.00000000
1742630400,0.01309,0.01309,0.01309,0.01309,0.00000,0.00000000
1742644800,0.01309,0.01309,0.01309,0.01309,0.00000,0.00000000
1742659200,0.01321,0.01332,0.01321,0.01332,0.01323,1779.72062289
1742673600,0.01304,0.01304,0.01293,0.01293,0.01299,2369.81081761
1742688000,0.01294,0.01294,0.01294,0.01294,0.01294,20499.13223082
1742702400,0.01294,0.01294,0.01294,0.01294,0.00000,0.00000000
1742716800,0.01294,0.01294,0.01294,0.01294,0.00000,0.00000000
1742731200,0.01294,0.01294,0.01294,0.01294,0.00000,0.00000000
1742745600,0.01292,0.01292,0.01292,0.01292,0.01292,176.75000000
1742760000,0.01295,0.01295,0.01287,0.01287,0.01288,59793.87036814
1742774400,0.01283,0.01283,0.01281,0.01281,0.01282,197813.56512525
1742788800,0.01304,0.01304,0.01304,0.01304,0.01304,63881.35404636
1742803200,0.01315,0.01315,0.01315,0.01315,0.01315,1461.53846153
1742817600,0.01327,0.01331,0.01327,0.01331,0.01327,10078.34247050
1742832000,0.01331,0.01331,0.01331,0.01331,0.00000,0.00000000
1742846400,0.01331,0.01331,0.01331,0.01331,0.00000,0.00000000
1742860800,0.01332,0.01341,0.01304,0.01304,0.01328,1532.79380517
1742875200,0.01304,0.01304,0.01304,0.01304,0.00000,0.00000000
1742889600,0.01304,0.01304,0.01304,0.01304,0.00000,0.00000000
1742904000,0.01304,0.01304,0.01304,0.01304,0.00000,0.00000000
1742918400,0.01342,0.01353,0.01342,0.01353,0.01347,15680.76693664
1742932800,0.01353,0.01353,0.01353,0.01353,0.00000,0.00000000
1742947200,0.01321,0.01356,0.01321,0.01356,0.01353,24440.45833058
1742961600,0.01356,0.01356,0.01356,0.01356,0.00000,0.00000000
1742976000,0.01352,0.01352,0.01352,0.01352,0.01352,194.66164474
1742990400,0.01352,0.01352,0.01352,0.01352,0.00000,0.00000000
1743004800,0.01349,0.01349,0.01310,0.01310,0.01332,4486.03647596
1743019200,0.01304,0.01304,0.01304,0.01304,0.01304,7552.70691167
1743033600,0.01304,0.01304,0.01304,0.01304,0.00000,0.00000000
1743048000,0.01304,0.01304,0.01304,0.01304,0.00000,0.00000000
1743062400,0.01304,0.01304,0.01304,0.01304,0.00000,0.00000000
1743076800,0.01293,0.01293,0.01260,0.01260,0.01276,666.71412587
1743091200,0.01260,0.01260,0.01260,0.01260,0.00000,0.00000000
1743105600,0.01260,0.01260,0.01260,0.01260,0.00000,0.00000000
1743120000,0.01260,0.01260,0.01260,0.01260,0.00000,0.00000000
1743134400,0.01250,0.01250,0.01228,0.01228,0.01234,12940.32849656
1743148800,0.01228,0.01228,0.01228,0.01228,0.00000,0.00000000
1743163200,0.01200,0.01200,0.01196,0.01196,0.01197,525.33762541
1743177600,0.01172,0.01172,0.01172,0.01172,0.01172,8579.84092842
1743192000,0.01185,0.01185,0.01185,0.01185,0.01185,1449.27536231
1743206400,0.01185,0.01185,0.01185,0.01185,0.00000,0.00000000
1743220800,0.01166,0.01166,0.01166,0.01166,0.01166,1613.20754715
1743235200,0.01165,0.01165,0.01150,0.01150,0.01159,525.31888412
1743249600,0.01135,0.01160,0.01132,0.01156,0.01143,310404.64485486
1743264000,0.01156,0.01159,0.01109,0.01116,0.01131,835849.04860818
1743278400,0.01110,0.01124,0.01109,0.01124,0.01112,83976.08187261
1743292800,0.01124,0.01124,0.01124,0.01124,0.00000,0.00000000
1743307200,0.01143,0.01143,0.01143,0.01143,0.01143,183.75000000
1743321600,0.01143,0.01143,0.01143,0.01143,0.00000,0.00000000
1743336000,0.01150,0.01169,0.01150,0.01162,0.01158,1613.58940206
1743350400,0.01196,0.01270,0.01196,0.01226,0.01235,535501.59075767
1743364800,0.01226,0.01226,0.01226,0.01226,0.00000,0.00000000
1743379200,0.01197,0.01224,0.01172,0.01222,0.01206,13367.95113590
1743393600,0.01166,0.01166,0.01165,0.01165,0.01165,2629.45945701
1743408000,0.01135,0.01135,0.01135,0.01135,0.01135,333.29083700
1743422400,0.01134,0.01155,0.01132,0.01155,0.01133,259233.31744007
1743436800,0.01168,0.01168,0.01166,0.01166,0.01167,3602.55346000
1743451200,0.01142,0.01142,0.01138,0.01138,0.01138,1786.99103400
1743465600,0.01138,0.01138,0.01138,0.01138,0.00000,0.00000000
1743480000,0.01156,0.01156,0.01156,0.01156,0.01156,3448.27600000
1743494400,0.01160,0.01169,0.01135,0.01135,0.01158,10846.96117443
1743508800,0.01169,0.01169,0.01169,0.01169,0.01169,324.89673316
1743523200,0.01151,0.01151,0.01150,0.01150,0.01150,104616.07298001
1743537600,0.01135,0.01135,0.01135,0.01135,0.01135,333.29083700
1743552000,0.01126,0.01126,0.01100,0.01100,0.01122,4411.78896579
1743566400,0.01116,0.01116,0.01053,0.01074,0.01085,492852.78828261
1743580800,0.01100,0.01110,0.01100,0.01110,0.01101,10919.78999007
1743595200,0.01139,0.01256,0.01111,0.01256,0.01192,7482.61754656
1743609600,0.01265,0.01321,0.01265,0.01284,0.01309,45733.50784840
1743624000,0.01260,0.01260,0.01176,0.01176,0.01195,2615.68762311
1743638400,0.01220,0.01230,0.01220,0.01230,0.01220,1694.13395850
1743652800,0.01166,0.01166,0.01165,0.01165,0.01165,1962.82145701
1743667200,0.01135,0.01135,0.01106,0.01106,0.01120,666.54327822
1743681600,0.01138,0.01139,0.01127,0.01127,0.01132,3640.29105405
1743696000,0.01109,0.01158,0.01109,0.01158,0.01121,6699.33542800
1743710400,0.01169,0.01169,0.01169,0.01169,0.01169,324.89673316
1743724800,0.01200,0.01200,0.01200,0.01200,0.01200,324.89673316
1743739200,0.01200,0.01200,0.01200,0.01200,0.01200,192.00000000
1743753600,0.01183,0.01205,0.01167,0.01167,0.01177,11346.00281993
1743768000,0.01197,0.01197,0.01158,0.01158,0.01188,11151.01443688
1743782400,0.01158,0.01158,0.01158,0.01158,0.00000,0.00000000
1743796800,0.01158,0.01158,0.01158,0.01158,0.00000,0.00000000
1743811200,0.01158,0.01158,0.01158,0.01158,0.00000,0.00000000
1743825600,0.01158,0.01158,0.01158,0.01158,0.00000,0.00000000
1743840000,0.01185,0.01185,0.01185,0.01185,0.01185,1606.08622147
1743854400,0.01164,0.01164,0.01164,0.01164,0.01164,1632.30240549
1743868800,0.01164,0.01164,0.01164,0.01164,0.00000,0.00000000
1743883200,0.01164,0.01164,0.01164,0.01164,0.00000,0.00000000
1743897600,0.01164,0.01164,0.01164,0.01164,0.00000,0.00000000
1743912000,0.01164,0.01164,0.01164,0.01164,0.00000,0.00000000
1743926400,0.01199,0.01227,0.01199,0.01227,0.01221,8685.43325351
1743940800,0.01227,0.01232,0.01150,0.01200,0.01212,3286.01437891
1743955200,0.01186,0.01186,0.01106,0.01106,0.01167,2997.02818739
1743969600,0.01078,0.01110,0.01078,0.01109,0.01101,2859.72799067
1743984000,0.01109,0.01110,0.01078,0.01078,0.01092,6038.66726667
1743998400,0.01050,0.01050,0.01023,0.01027,0.01033,17583.16286780
1744012800,0.01054,0.01081,0.01054,0.01068,0.01067,1744.29346632
1744027200,0.01110,0.01139,0.01110,0.01139,0.01124,649.79346632
1744041600,0.01120,0.01144,0.01120,0.01137,0.01137,12411.44311426
1744056000,0.01134,0.01134,0.01134,0.01134,0.01134,37894.77954145
1744070400,0.01134,0.01134,0.01134,0.01134,0.00000,0.00000000
1744084800,0.01134,0.01134,0.01134,0.01134,0.00000,0.00000000
1744099200,0.01134,0.01134,0.01134,0.01134,0.00000,0.00000000
1744113600,0.01106,0.01106,0.01106,0.01106,0.01106,333.25244122
1744128000,0.01081,0.01081,0.01050,0.01050,0.01066,12285.94730474
1744142400,0.01050,0.01050,0.01050,0.01050,0.00000,0.00000000
1744156800,0.01039,0.01054,0.01005,0.01054,0.01028,84119.45108765
1744171200,0.01081,0.01081,0.01081,0.01081,0.01081,324.89673316
1744185600,0.01081,0.01081,0.01081,0.01081,0.00000,0.00000000
1744200000,0.01081,0.01081,0.01081,0.01081,0.00000,0.00000000
1744214400,0.01110,0.01139,0.01110,0.01139,0.01110,25082.61752334
1744228800,0.01139,0.01139,0.01139,0.01139,0.00000,0.00000000
1744243200,0.01147,0.01147,0.01147,0.01147,0.01147,324.57187547
1744257600,0.01147,0.01147,0.01147,0.01147,0.00000,0.00000000
1744272000,0.01147,0.01147,0.01147,0.01147,0.00000,0.00000000
1744286400,0.01147,0.01147,0.01147,0.01147,0.00000,0.00000000
1744300800,0.01147,0.01147,0.01147,0.01147,0.00000,0.00000000
1744315200,0.01147,0.01147,0.01147,0.01147,0.00000,0.00000000
1744329600,0.01147,0.01147,0.01147,0.01147,0.00000,0.00000000
1744344000,0.01147,0.01147,0.01147,0.01147,0.00000,0.00000000
1744358400,0.01147,0.01147,0.01147,0.01147,0.00000,0.00000000
1744372800,0.01169,0.01169,0.01169,0.01169,0.01169,324.89673316
1744387200,0.01169,0.01169,0.01169,0.01169,0.00000,0.00000000
1744401600,0.01169,0.01169,0.01169,0.01169,0.00000,0.00000000
1744416000,0.01169,0.01169,0.01169,0.01169,0.00000,0.00000000
1744430400,0.01176,0.01176,0.01175,0.01175,0.01175,77137.36838537
1744444800,0.01175,0.01175,0.01175,0.01175,0.00000,0.00000000
1744459200,0.01200,0.01250,0.01200,0.01250,0.01249,23187.04873316
1744473600,0.01250,0.01250,0.01250,0.01250,0.00000,0.00000000
1744488000,0.01250,0.01250,0.01250,0.01250,0.00000,0.00000000
1744502400,0.01250,0.01250,0.01250,0.01250,0.00000,0.00000000
1744516800,0.01196,0.01196,0.01196,0.01196,0.01196,333.33762541
1744531200,0.01177,0.01231,0.01177,0.01231,0.01229,21807.49499560
1744545600,0.01168,0.01168,0.01165,0.01165,0.01167,20549.22314579
1744560000,0.01167,0.01167,0.01167,0.01167,0.01167,416.66520000
1744574400,0.01167,0.01167,0.01167,0.01167,0.00000,0.00000000
1744588800,0.01167,0.01167,0.01167,0.01167,0.00000,0.00000000
1744603200,0.01136,0.01136,0.01136,0.01136,0.01136,55536.90841848
1744617600,0.01136,0.01136,0.01136,0.01136,0.00000,0.00000000
1744632000,0.01136,0.01136,0.01136,0.01136,0.00000,0.00000000
1744646400,0.01135,0.01135,0.01135,0.01135,0.01135,333.29083700
1744660800,0.01110,0.01139,0.01050,0.01081,0.01058,61876.53782607
1744675200,0.01081,0.01081,0.01081,0.01081,0.00000,0.00000000
1744689600,0.01081,0.01081,0.01081,0.01081,0.00000,0.00000000
1744704000,0.01081,0.01081,0.01081,0.01081,0.00000,0.00000000
1744718400,0.01081,0.01081,0.01081,0.01081,0.00000,0.00000000
1744732800,0.01106,0.01106,0.01106,0.01106,0.01106,333.25244122
1744747200,0.01106,0.01106,0.01106,0.01106,0.00000,0.00000000
1744761600,0.01106,0.01106,0.01106,0.01106,0.00000,0.00000000
1744776000,0.01106,0.01106,0.01106,0.01106,0.00000,0.00000000
1744790400,0.01112,0.01113,0.01112,0.01113,0.01112,106637.40715090
1744804800,0.01113,0.01113,0.01113,0.01113,0.00000,0.00000000
1744819200,0.01113,0.01113,0.01113,0.01113,0.00000,0.00000000
1744833600,0.01113,0.01113,0.01113,0.01113,0.00000,0.00000000
1744848000,0.01113,0.01113,0.01113,0.01113,0.00000,0.00000000
1744862400,0.01113,0.01113,0.01113,0.01113,0.00000,0.00000000
1744876800,0.01113,0.01113,0.01113,0.01113,0.00000,0.00000000
1744891200,0.01113,0.01113,0.01113,0.01113,0.00000,0.00000000
1744905600,0.01113,0.01113,0.01113,0.01113,0.00000,0.00000000
1744920000,0.01113,0.01113,0.01113,0.01113,0.00000,0.00000000
1744934400,0.01113,0.01113,0.01113,0.01113,0.00000,0.00000000
1744948800,0.01139,0.01139,0.01139,0.01139,0.01139,324.89673316
1744963200,0.01169,0.01200,0.01169,0.01200,0.01183,1473.93710542
1744977600,0.01232,0.01250,0.01197,0.01197,0.01242,23478.14812719
1744992000,0.01196,0.01196,0.01165,0.01165,0.01192,375.71448169
1745006400,0.01165,0.01165,0.01165,0.01165,0.00000,0.00000000
1745020800,0.01165,0.01165,0.01165,0.01165,0.00000,0.00000000
1745035200,0.01165,0.01165,0.01165,0.01165,0.00000,0.00000000
1745049600,0.01165,0.01165,0.01165,0.01165,0.00000,0.00000000
1745064000,0.01165,0.01165,0.01165,0.01165,0.00000,0.00000000
1745078400,0.01218,0.01265,0.01218,0.01228,0.01223,4325.07908366
1745092800,0.01228,0.01228,0.01228,0.01228,0.00000,0.00000000
1745107200,0.01228,0.01228,0.01228,0.01228,0.00000,0.00000000
1745121600,0.01228,0.01228,0.01228,0.01228,0.00000,0.00000000
1745136000,0.01218,0.01264,0.01196,0.01196,0.01253,42889.07214123
1745150400,0.01196,0.01196,0.01196,0.01196,0.00000,0.00000000
1745164800,0.01196,0.01196,0.01196,0.01196,0.00000,0.00000000
1745179200,0.01196,0.01196,0.01196,0.01196,0.00000,0.00000000
1745193600,0.01196,0.01196,0.01196,0.01196,0.00000,0.00000000
1745208000,0.01196,0.01196,0.01196,0.01196,0.00000,0.00000000
1745222400,0.01232,0.01232,0.01232,0.01232,0.01232,324.89673316
1745236800,0.01232,0.01232,0.01232,0.01232,0.00000,0.00000000
1745251200,0.01198,0.01198,0.01198,0.01198,0.01198,1011.34935845
1745265600,0.01196,0.01196,0.01165,0.01165,0.01194,350.00000000
1745280000,0.01165,0.01165,0.01165,0.01165,0.00000,0.00000000
1745294400,0.01232,0.01232,0.01232,0.01232,0.01232,8561.26403167
1745308800,0.01199,0.01199,0.01196,0.01196,0.01198,1344.68533745
1745323200,0.01196,0.01196,0.01196,0.01196,0.00000,0.00000000
1745337600,0.01196,0.01196,0.01196,0.01196,0.00000,0.00000000
1745352000,0.01196,0.01196,0.01196,0.01196,0.00000,0.00000000
1745366400,0.01232,0.01263,0.01232,0.01263,0.01261,8886.16076483
1745380800,0.01265,0.01265,0.01265,0.01265,0.01265,324.89673316
1745395200,0.01265,0.01265,0.01265,0.01265,0.00000,0.00000000
1745409600,0.01265,0.01265,0.01265,0.01265,0.00000,0.00000000
1745424000,0.01298,0.01350,0.01298,0.01350,0.01349,170297.20043684
1745438400,0.01350,0.01350,0.01350,0.01350,0.00000,0.00000000
1745452800,0.01296,0.01296,0.01296,0.01296,0.01296,2718.04274307
1745467200,0.01296,0.01296,0.01296,0.01296,0.00000,0.00000000
1745481600,0.01293,0.01293,0.01293,0.01293,0.01293,333.35761794
1745496000,0.01283,0.01331,0.01283,0.01331,0.01302,20163.46237203
1745510400,0.01306,0.01331,0.01265,0.01265,0.01305,26494.55151900
1745524800,0.01265,0.01265,0.01265,0.01265,0.00000,0.00000000
1745539200,0.01265,0.01265,0.01265,0.01265,0.00000,0.00000000
1745553600,0.01265,0.01265,0.01265,0.01265,0.00000,0.00000000
1745568000,0.01326,0.01326,0.01326,0.01326,0.01326,1489.08095178
1745582400,0.01332,0.01332,0.01311,0.01311,0.01316,7382.82335994
1745596800,0.01311,0.01311,0.01311,0.01311,0.00000,0.00000000
1745611200,0.01311,0.01311,0.01311,0.01311,0.00000,0.00000000
1745625600,0.01311,0.01311,0.01311,0.01311,0.00000,0.00000000
1745640000,0.01311,0.01311,0.01311,0.01311,0.00000,0.00000000
1745654400,0.01293,0.01332,0.01250,0.01332,0.01251,53258.74768646
1745668800,0.01332,0.01332,0.01332,0.01332,0.00000,0.00000000
1745683200,0.01293,0.01298,0.01250,0.01298,0.01251,20324.89673316
1745697600,0.01298,0.01298,0.01298,0.01298,0.00000,0.00000000
1745712000,0.01260,0.01260,0.01228,0.01228,0.01253,416.66520000
1745726400,0.01228,0.01228,0.01228,0.01228,0.01228,83.87622000
1745740800,0.01298,0.01298,0.01298,0.01298,0.01298,324.89673316
1745755200,0.01298,0.01298,0.01298,0.01298,0.00000,0.00000000
1745769600,0.01260,0.01298,0.01250,0.01298,0.01250,24324.89673316
1745784000,0.01298,0.01298,0.01298,0.01298,0.00000,0.00000000
1745798400,0.01298,0.01298,0.01298,0.01298,0.00000,0.00000000
1745812800,0.01260,0.01298,0.01260,0.01298,0.01267,1577.33938422
1745827200,0.01298,0.01298,0.01298,0.01298,0.00000,0.00000000
1745841600,0.01260,0.01298,0.01240,0.01262,0.01244,105862.35608285
1745856000,0.01262,0.01262,0.01262,0.01262,0.00000,0.00000000
1745870400,0.01262,0.01262,0.01262,0.01262,0.00000,0.00000000
1745884800,0.01262,0.01262,0.01262,0.01262,0.00000,0.00000000
1745899200,0.01262,0.01262,0.01262,0.01262,0.00000,0.00000000
1745913600,0.01302,0.01302,0.01302,0.01302,0.01302,324.57184872
1745928000,0.01302,0.01302,0.01302,0.01302,0.00000,0.00000000
1745942400,0.01302,0.01302,0.01302,0.01302,0.00000,0.00000000
1745956800,0.01302,0.01302,0.01302,0.01302,0.00000,0.00000000
1745971200,0.01302,0.01302,0.01302,0.01302,0.00000,0.00000000
1745985600,0.01302,0.01302,0.01302,0.01302,0.00000,0.00000000
1746000000,0.01302,0.01302,0.01302,0.01302,0.00000,0.00000000
1746014400,0.01260,0.01260,0.01260,0.01260,0.01260,333.35650793
1746028800,0.01260,0.01260,0.01260,0.01260,0.00000,0.00000000
1746043200,0.01260,0.01260,0.01260,0.01260,0.00000,0.00000000
1746057600,0.01260,0.01260,0.01260,0.01260,0.00000,0.00000000
1746072000,0.01260,0.01260,0.01260,0.01260,0.00000,0.00000000
1746086400,0.01260,0.01260,0.01260,0.01260,0.00000,0.00000000
1746100800,0.01260,0.01260,0.01260,0.01260,0.00000,0.00000000
1746115200,0.01260,0.01260,0.01260,0.01260,0.00000,0.00000000
1746129600,0.01260,0.01260,0.01260,0.01260,0.00000,0.00000000
1746144000,0.01260,0.01260,0.01260,0.01260,0.00000,0.00000000
1746158400,0.01298,0.01385,0.01298,0.01385,0.01368,30627.93351658
1746172800,0.01390,0.01390,0.01307,0.01307,0.01325,110927.33810824
1746187200,0.01307,0.01307,0.01307,0.01307,0.00000,0.00000000
1746201600,0.01307,0.01307,0.01307,0.01307,0.00000,0.00000000
1746216000,0.01307,0.01307,0.01307,0.01307,0.00000,0.00000000
1746230400,0.01307,0.01307,0.01307,0.01307,0.00000,0.00000000
1746244800,0.01293,0.01293,0.01260,0.01260,0.01283,465.90072587
1746259200,0.01260,0.01260,0.01228,0.01228,0.01245,366.97571920
1746273600,0.01228,0.01228,0.01228,0.01228,0.00000,0.00000000
1746288000,0.01200,0.01200,0.01185,0.01185,0.01185,34587.35957541
1746302400,0.01185,0.01185,0.01185,0.01185,0.00000,0.00000000
1746316800,0.01185,0.01185,0.01185,0.01185,0.00000,0.00000000
1746331200,0.01165,0.01199,0.01165,0.01199,0.01189,988.97523289
1746345600,0.01199,0.01199,0.01199,0.01199,0.00000,0.00000000
1746360000,0.01199,0.01199,0.01199,0.01199,0.00000,0.00000000
1746374400,0.01199,0.01199,0.01199,0.01199,0.00000,0.00000000
1746388800,0.01200,0.01200,0.01200,0.01200,0.01200,324.89673316
1746403200,0.01200,0.01200,0.01200,0.01200,0.00000,0.00000000
1746417600,0.01200,0.01200,0.01200,0.01200,0.00000,0.00000000
1746432000,0.01200,0.01200,0.01200,0.01200,0.00000,0.00000000
1746446400,0.01200,0.01200,0.01200,0.01200,0.00000,0.00000000
1746460800,0.01200,0.01200,0.01200,0.01200,0.00000,0.00000000
1746475200,0.01200,0.01200,0.01200,0.01200,0.00000,0.00000000
1746489600,0.01200,0.01200,0.01200,0.01200,0.00000,0.00000000
1746504000,0.01200,0.01200,0.01200,0.01200,0.00000,0.00000000
1746518400,0.01165,0.01165,0.01165,0.01165,0.01165,333.31888412
1746532800,0.01135,0.01228,0.01135,0.01165,0.01210,18371.77392469
1746547200,0.01165,0.01165,0.01165,0.01165,0.00000,0.00000000
1746561600,0.01165,0.01165,0.01165,0.01165,0.00000,0.00000000
1746576000,0.01165,0.01165,0.01165,0.01165,0.00000,0.00000000
1746590400,0.01165,0.01165,0.01165,0.01165,0.00000,0.00000000
1746604800,0.01165,0.01165,0.01165,0.01165,0.00000,0.00000000
1746619200,0.01165,0.01165,0.01165,0.01165,0.00000,0.00000000
1746633600,0.01165,0.01165,0.01165,0.01165,0.00000,0.00000000
1746648000,0.01165,0.01165,0.01165,0.01165,0.00000,0.00000000
1746662400,0.01200,0.01200,0.01200,0.01200,0.01200,324.89673316
1746676800,0.01224,0.01224,0.01224,0.01224,0.01224,3555.24861878
1746691200,0.01224,0.01224,0.01224,0.01224,0.00000,0.00000000
1746705600,0.01229,0.01232,0.01229,0.01232,0.01229,9286.76963805
1746720000,0.01260,0.01265,0.01260,0.01265,0.01260,9068.18803184
1746734400,0.01265,0.01265,0.01265,0.01265,0.00000,0.00000000
1746748800,0.01265,0.01265,0.01265,0.01265,0.00000,0.00000000
1746763200,0.01298,0.01300,0.01298,0.01300,0.01298,499.89673316
1746777600,0.01332,0.01332,0.01332,0.01332,0.01332,324.89673316
1746792000,0.01332,0.01332,0.01332,0.01332,0.00000,0.00000000
1746806400,0.01332,0.01332,0.01332,0.01332,0.00000,0.00000000
1746820800,0.01332,0.01332,0.01332,0.01332,0.00000,0.00000000
1746835200,0.01367,0.01440,0.01367,0.01440,0.01402,1149.69019948
1746849600,0.01435,0.01435,0.01435,0.01435,0.01435,335.69135913
1746864000,0.01398,0.01398,0.01398,0.01398,0.01398,332.98433476
1746878400,0.01401,0.01401,0.01401,0.01401,0.01401,4681.63180024
1746892800,0.01401,0.01401,0.01401,0.01401,0.00000,0.00000000
1746907200,0.01440,0.01440,0.01440,0.01440,0.01440,324.89673316
1746921600,0.01440,0.01440,0.01440,0.01440,0.00000,0.00000000
1746936000,0.01398,0.01398,0.01385,0.01385,0.01385,8353.04578128
1746950400,0.01439,0.01439,0.01439,0.01439,0.01439,7608.54561814
1746964800,0.01439,0.01439,0.01439,0.01439,0.00000,0.00000000
1746979200,0.01439,0.01439,0.01439,0.01439,0.00000,0.00000000
1746993600,0.01439,0.01439,0.01439,0.01439,0.00000,0.00000000
1747008000,0.01440,0.01440,0.01398,0.01440,0.01426,21445.39018876
1747022400,0.01474,0.01474,0.01474,0.01474,0.01474,7451.44323516
1747036800,0.01474,0.01474,0.01474,0.01474,0.00000,0.00000000
1747051200,0.01398,0.01398,0.01398,0.01398,0.01398,332.98433476
1747065600,0.01439,0.01439,0.01362,0.01362,0.01435,8000.17852343
1747080000,0.01362,0.01362,0.01362,0.01362,0.00000,0.00000000
1747094400,0.01362,0.01362,0.01362,0.01362,0.00000,0.00000000
1747108800,0.01362,0.01362,0.01362,0.01362,0.00000,0.00000000
1747123200,0.01381,0.01381,0.01381,0.01381,0.01381,2172.21218828
1747137600,0.01392,0.01439,0.01371,0.01382,0.01394,6841.62852997
1747152000,0.01440,0.01440,0.01440,0.01440,0.01440,324.89673316
1747166400,0.01440,0.01440,0.01440,0.01440,0.01440,999.99999999
1747180800,0.01475,0.01500,0.01441,0.01500,0.01467,43813.67681517
1747195200,0.01500,0.01500,0.01500,0.01500,0.00000,0.00000000
1747209600,0.01436,0.01436,0.01435,0.01435,0.01435,1041.08367378
1747224000,0.01417,0.01417,0.01417,0.01417,0.01417,991.73239436
1747238400,0.01403,0.01404,0.01398,0.01398,0.01403,14097.21245227
1747252800,0.01440,0.01478,0.01398,0.01398,0.01445,1098.93921282
1747267200,0.01398,0.01398,0.01398,0.01398,0.00000,0.00000000
1747281600,0.01398,0.01398,0.01327,0.01327,0.01335,9130.87377230
1747296000,0.01327,0.01327,0.01327,0.01327,0.00000,0.00000000
1747310400,0.01341,0.01344,0.01306,0.01306,0.01339,146875.13515088
1747324800,0.01362,0.01402,0.01327,0.01327,0.01354,18349.94315035
1747339200,0.01327,0.01327,0.01327,0.01327,0.00000,0.00000000
1747353600,0.01327,0.01327,0.01327,0.01327,0.00000,0.00000000
1747368000,0.01327,0.01327,0.01327,0.01327,0.00000,0.00000000
1747382400,0.01327,0.01327,0.01327,0.01327,0.00000,0.00000000
1747396800,0.01327,0.01327,0.01327,0.01327,0.00000,0.00000000
1747411200,0.01327,0.01327,0.01327,0.01327,0.00000,0.00000000
1747425600,0.01327,0.01327,0.01327,0.01327,0.00000,0.00000000
1747440000,0.01300,0.01300,0.01228,0.01265,0.01249,19597.07869595
1747454400,0.01265,0.01265,0.01265,0.01265,0.00000,0.00000000
1747468800,0.01265,0.01265,0.01265,0.01265,0.00000,0.00000000
1747483200,0.01265,0.01265,0.01265,0.01265,0.00000,0.00000000
1747497600,0.01265,0.01265,0.01265,0.01265,0.00000,0.00000000
1747512000,0.01265,0.01265,0.01265,0.01265,0.00000,0.00000000
